用户ID,微博数,转发数,评论数,点赞数,积极数,消极数,平均转发,平均评论,平均点赞,积极转发数,积极评论数,积极点赞数,消极转发数,消极评论数,消极点赞数
新浪财经,482,144348,192899,1720959,307,175,299,400,3570,93420,105274,1033446,50928,87625,687513
新浪科技,471,138442,137249,2224893,317,154,294,291,4724,101533,88024,1374541,36909,49225,850352
华为终端官方微博,394,1132101,384726,1773852,350,44,2873,976,4502,1117161,367442,1638329,14940,17284,135523
每日经济新闻,265,59818,60506,1111903,198,67,226,228,4196,48930,42041,866696,10888,18465,245207
环球时报,230,277727,205943,1101016,117,113,1208,895,4787,132118,75564,547846,145609,130379,553170
环球网,210,308122,213786,1557411,120,90,1467,1018,7416,267674,177011,1341721,40448,36775,215690
华为中国,194,143328,121871,747780,183,11,739,628,3855,123426,115064,706324,19902,6807,41456
观察者网,163,59453,53656,443273,98,65,365,329,2719,36685,29381,236144,22768,24275,207129
C科技,155,7713,54498,237727,80,75,50,352,1534,3500,23710,102466,4213,30788,135261
梨视频,149,25681,48861,206469,105,44,172,328,1386,20453,29263,129709,5228,19598,76760
余承东,141,181256,159231,460275,134,7,1286,1129,3264,177497,153329,437433,3759,5902,22842
头条新闻,127,159632,214054,1585955,72,55,1257,1685,12488,103285,118886,1352189,56347,95168,233766
华为终端云服务,126,179923,72140,64849,115,11,1428,573,515,171173,67607,62179,8750,4533,2670
中国日报,117,23939,29320,306642,83,34,205,251,2621,21007,25354,283717,2932,3966,22925
华为手机,116,352151,77970,175116,111,5,3036,672,1510,341073,76641,169729,11078,1329,5387
央视新闻,112,356667,263411,3706939,67,45,3185,2352,33098,233564,145982,2905680,123103,117429,801259
凤凰网财经,107,18014,47025,182785,61,46,168,439,1708,11950,26505,122138,6064,20520,60647
财经网,101,15791,53402,1681629,80,21,156,529,16650,14192,47767,1502817,1599,5635,178812
HW前HR,96,22936,16445,80389,64,32,239,171,837,16229,9467,45175,6707,6978,35214
华为何刚,96,126807,27889,136985,93,3,1321,291,1427,126738,27595,136055,69,294,930
华为终端公司,95,206746,35327,81055,94,1,2176,372,853,206056,34517,80278,690,810,777
建华Wei业,92,10902,21329,94517,63,29,119,232,1027,8514,12805,69173,2388,8524,25344
Vista看天下,88,17660,41974,134870,60,28,201,477,1533,12487,17234,98894,5173,24740,35976
钟文泽,86,36787,35553,103069,58,28,428,413,1198,33414,24437,79467,3373,11116,23602
参考消息,82,17054,3299,14371,61,21,208,40,175,16154,2456,11326,900,843,3045
老板联播,67,13804,37497,903384,48,19,206,560,13483,10291,27746,770026,3513,9751,133358
人才76116,66,10197,19173,85417,48,18,155,291,1294,4513,9847,43395,5684,9326,42022
小白测评,65,3675,26445,127770,48,17,57,407,1966,3336,19009,101486,339,7436,26284
中国新闻网,63,15705,36772,251494,36,27,249,584,3992,12665,27082,127600,3040,9690,123894
科技新一,61,5325,33182,360539,23,38,87,544,5910,2678,11963,92343,2647,21219,268196
飞象网项立刚,60,8716,10276,45687,37,23,145,171,761,4395,5587,23859,4321,4689,21828
lesliesay,57,20702,9014,29241,53,4,363,158,513,18976,8267,26709,1726,747,2532
凤凰网科技,56,26049,83573,1071358,40,16,465,1492,19131,23845,79752,1045396,2204,3821,25962
长安数码君,52,2667,13775,80044,30,22,51,265,1539,928,5732,27679,1739,8043,52365
价值投资日志,51,7251,19299,91301,33,18,142,378,1790,4673,11337,48856,2578,7962,42445
wu2198,50,1595,13428,253273,30,20,32,269,5065,924,6107,146725,671,7321,106548
澎湃新闻,48,30901,69603,748719,31,17,644,1450,15598,15410,28854,393674,15491,40749,355045
央视财经,45,4257,3370,102132,38,7,95,75,2270,3705,2677,36768,552,693,65364
胡锡进,44,48101,131523,595554,23,21,1093,2989,13535,18700,47107,123522,29401,84416,472032
新财富杂志,43,4409,4786,18566,26,17,103,111,432,2805,2042,10072,1604,2744,8494
宋敬亭,43,3499,17619,80908,29,14,81,410,1882,2032,10529,41962,1467,7090,38946
信通小熊猫,43,6929,12953,58827,30,13,161,301,1368,3393,7306,41181,3536,5647,17646
唐史主任司马迁,43,7314,5638,57897,19,24,170,131,1346,2227,1771,22552,5087,3867,35345
新浪手机,42,43327,107384,1249192,38,4,1032,2557,29743,36346,105354,1053679,6981,2030,195513
第一财经日报,42,3490,6466,326596,27,15,83,154,7776,1755,3118,13401,1735,3348,313195
IT科技侠,40,9748,49692,114221,20,20,244,1242,2856,8220,28573,63292,1528,21119,50929
人民日报,38,111046,92989,936900,23,15,2922,2447,24655,59586,49851,584581,51460,43138,352319
ZEALER中国,37,8476,14972,30669,24,13,229,405,829,6942,11268,14360,1534,3704,16309
新京报,37,6080,33850,220773,18,19,164,915,5967,1970,5245,8828,4110,28605,211945
新浪视频,37,14274,7819,85579,26,11,386,211,2313,10562,4036,70617,3712,3783,14962
天津股侠,36,2155,6343,82668,16,20,60,176,2296,1324,3581,36342,831,2762,46326
华为商城,35,160080,33978,78052,33,2,4574,971,2230,156162,22858,70011,3918,11120,8041
新华视点,35,9118,9315,48065,22,13,261,266,1373,4300,2717,40553,4818,6598,7512
21世纪经济报道,35,6885,947,43307,21,14,197,27,1237,3591,811,21635,3294,136,21672
人民网,34,9547,13019,80438,14,20,281,383,2366,3323,2637,13895,6224,10382,66543
电商报,33,7030,9105,31790,19,14,213,276,963,3563,6124,21865,3467,2981,9925
中国IT杂谈,32,3197,11711,40350,16,16,100,366,1261,1685,2525,7148,1512,9186,33202
华为EMUI,32,32932,19284,14866,32,0,1029,603,465,32932,19284,14866,0,0,0
中国新闻周刊,32,14765,6384,43598,26,6,461,200,1362,14363,5400,42012,402,984,1586
新浪新闻客户端,29,2276,6341,14139,17,12,78,219,488,1638,3504,10102,638,2837,4037
凤凰网,29,4615,16582,159341,16,13,159,572,5495,1545,3445,8514,3070,13137,150827
新浪新闻,29,7199,24522,182708,15,14,248,846,6300,3920,13604,168310,3279,10918,14398
早报网,28,2354,4917,6832,15,13,84,176,244,1191,1821,2753,1163,3096,4079
数码研究所,27,587,3528,10059,17,10,22,131,373,385,2031,6502,202,1497,3557
中国联通,25,42883,24017,16487,24,1,1715,961,659,36283,19387,14821,6600,4630,1666
紫光阁,25,9987,7575,58159,15,10,399,303,2326,6335,4477,36371,3652,3098,21788
奥卡姆剃刀,24,14303,8445,46583,10,14,596,352,1941,1120,1189,3067,13183,7256,43516
程序员新视界,24,3849,11971,105799,7,17,160,499,4408,1014,2378,56337,2835,9593,49462
共青团中央,23,20970,16988,137744,10,13,912,739,5989,12713,8576,90919,8257,8412,46825
欧阳秋叶,23,778,8132,16995,9,14,34,354,739,186,1801,1627,592,6331,15368
中国长安网,23,2032,1417,21566,18,5,88,62,938,1619,1261,20993,413,156,573
人力资源研究,23,4140,6087,32298,5,18,180,265,1404,381,90,709,3759,5997,31589
思想聚焦,22,3132,3218,18382,19,3,142,146,836,2383,2421,15531,749,797,2851
中国青年报,22,1664,2711,10187,10,12,76,123,463,1042,1677,5767,622,1034,4420
风云学会陈经,22,6575,12052,46426,7,15,299,548,2110,2389,2535,5881,4186,9517,40545
中国企业家杂志,22,5765,3466,32768,15,7,262,158,1489,1829,2259,28054,3936,1207,4714
晴天披沥,22,1443,3387,23449,10,12,66,154,1066,678,1582,10671,765,1805,12778
陶永谊,21,3561,4897,22973,6,15,170,233,1094,684,864,3111,2877,4033,19862
Geek_Cao,21,1629,12711,54310,4,17,78,605,2586,357,3538,14398,1272,9173,39912
但斌,20,6463,3010,14185,16,4,323,151,709,2862,1887,12155,3601,1123,2030
凤凰网视频,20,3649,3044,12087,13,7,182,152,604,3052,2076,8476,597,968,3611
虎嗅APP,20,3491,16346,180641,6,14,175,817,9032,879,8892,85872,2612,7454,94769
科技Yu,20,1428,8399,42353,10,10,71,420,2118,704,4556,21820,724,3843,20533
中国之声,19,1652,911,5617,13,6,87,48,296,1477,697,3720,175,214,1897
新京报我们视频,19,2606,5447,20650,16,3,137,287,1087,2556,5288,20376,50,159,274
经济观察报,19,842,2252,8842,14,5,44,119,465,363,587,1982,479,1665,6860
路诞先生,19,1124,5583,19406,9,10,59,294,1021,618,3548,9956,506,2035,9450
寰亚SYHP,19,2853,4109,24743,11,8,150,216,1302,1801,2820,16704,1052,1289,8039
新华网,19,1666,767,7432,16,3,88,40,391,1574,692,7079,92,75,353
科技圣斗士,18,565,4412,24846,11,7,31,245,1380,325,3246,16385,240,1166,8461
李杰灵,18,9987,7453,26112,15,3,555,414,1451,8234,5871,20859,1753,1582,5253
科工力量,18,3047,2180,7580,10,8,169,121,421,1124,692,1865,1923,1488,5715
科技美学,18,1286,8360,74980,14,4,71,464,4166,1197,6801,69813,89,1559,5167
搞机王腾霄,18,1588,11740,31810,7,11,88,652,1767,379,2495,4754,1209,9245,27056
搞机圈的那些事,17,568,2785,55144,7,10,33,164,3244,190,908,7136,378,1877,48008
投资舆情,17,4280,4113,9446,11,6,252,242,556,2523,2843,5334,1757,1270,4112
陈震同学,17,1044,9347,19397,15,2,61,550,1141,1002,8584,17203,42,763,2194
小表哥PRO,17,1420,15419,19755,1,16,84,907,1162,12,560,418,1408,14859,19337
那岩,17,421,6063,30879,10,7,25,357,1816,200,3266,16699,221,2797,14180
新闻晨报,16,1316,1470,4368,13,3,82,92,273,1219,1148,3980,97,322,388
界面新闻,16,3844,10415,71028,4,12,240,651,4439,145,392,4941,3699,10023,66087
极客村长,16,819,4369,23038,10,6,51,273,1440,464,2524,12062,355,1845,10976
华尔街见闻APP,16,1516,4134,5670,11,5,95,258,354,1211,3864,5293,305,270,377
台湾傻事,16,1334,3160,20055,13,3,83,198,1253,1065,2595,17201,269,565,2854
王员外,16,3536,8690,38545,3,13,221,543,2409,521,1638,6681,3015,7052,31864
工业科技迷,15,1799,7314,351039,9,6,120,488,23403,1064,2328,195597,735,4986,155442
Kevin在纽约,15,7433,9101,21750,8,7,496,607,1450,2010,3695,11505,5423,5406,10245
短的发布会,15,724,3761,24765,9,6,48,251,1651,323,1865,17534,401,1896,7231
手机摄影,15,158,208,1414,15,0,11,14,94,158,208,1414,0,0,0
戴旭,15,2523,206,8863,8,7,168,14,591,999,89,4313,1524,117,4550
数码闲聊站,15,310,4623,27126,8,7,21,308,1808,166,2750,13787,144,1873,13339
锋潮科技,14,6259,6493,15750,8,6,447,464,1125,6100,6041,10929,159,452,4821
新浪军事,14,2044,5739,8341,7,7,146,410,596,496,979,2212,1548,4760,6129
香港商報網,14,1274,1299,6292,9,5,91,93,449,895,922,4079,379,377,2213
全景网,14,2201,2704,18465,10,4,157,193,1319,1160,2191,16286,1041,513,2179
华为开发者联盟,14,21818,5557,4771,14,0,1558,397,341,21818,5557,4771,0,0,0
测评君,14,726,1987,19027,11,3,52,142,1359,542,1424,12162,184,563,6865
财新网,13,13708,6475,33545,8,5,1054,498,2580,584,906,1436,13124,5569,32109
IT之家,13,519,3390,3215,9,4,40,261,247,358,1927,2389,161,1463,826
科技小公举,13,994,3348,28692,4,9,76,258,2207,167,764,4259,827,2584,24433
huayuan画鸢,13,147,1235,1051,13,0,11,95,81,147,1235,1051,0,0,0
中国经营报,13,6458,16562,71330,8,5,497,1274,5487,3324,3888,63021,3134,12674,8309
宅数码Kael,13,1170,2037,16276,8,5,90,157,1252,422,956,8861,748,1081,7415
成都商报,12,1648,6290,130140,10,2,137,524,10845,1261,4220,129045,387,2070,1095
雪球,12,3965,4337,13988,7,5,330,361,1166,1302,852,5374,2663,3485,8614
环球市场播报,12,2872,3025,7937,8,4,239,252,661,1036,1206,6338,1836,1819,1599
军武季,12,8103,3920,50001,10,2,675,327,4167,7226,2189,41989,877,1731,8012
科技星辰君,12,651,7118,31339,2,10,54,593,2612,23,509,2032,628,6609,29307
草原900,12,1780,1963,7055,11,1,148,164,588,1669,1289,5360,111,674,1695
股市女人,12,3362,17029,59385,5,7,280,1419,4949,2489,7981,36980,873,9048,22405
张雪峰老师,11,892,3765,32501,6,5,81,342,2955,378,1980,15139,514,1785,17362
少年不打太极,11,2098,24930,33966,7,4,191,2266,3088,1803,23134,28989,295,1796,4977
爱范儿,11,27202,13796,35211,11,0,2473,1254,3201,27202,13796,35211,0,0,0
搞机少女,11,1049,3563,26725,6,5,95,324,2430,776,1731,12978,273,1832,13747
维稳先锋卡菊轮,11,1875,706,9089,5,6,170,64,826,797,238,3278,1078,468,5811
电脑报,11,1603,6307,63721,5,6,146,573,5793,676,3932,54322,927,2375,9399
华为终端客服,11,37414,10578,17239,11,0,3401,962,1567,37414,10578,17239,0,0,0
财联社APP,11,1830,974,5119,7,4,166,89,465,940,629,4194,890,345,925
午后狂睡,11,3144,2454,20459,9,2,286,223,1860,578,1252,7620,2566,1202,12839
请不要叫我测评君,10,2656,1600,2520,3,7,266,160,252,44,352,784,2612,1248,1736
微天下,10,2448,2889,5433,4,6,245,289,543,312,277,842,2136,2612,4591
蓝鲸财经记者工作平台,10,3150,3885,8010,3,7,315,389,801,282,197,314,2868,3688,7696
电商行业,10,4556,5124,32605,5,5,456,512,3261,3438,3724,24490,1118,1400,8115
徐钦松Jim,10,798,1044,3601,10,0,80,104,360,798,1044,3601,0,0,0
数字尾巴,10,4532,1835,3757,7,3,453,184,376,4478,1521,3461,54,314,296
司马南,10,439,709,1609,7,3,44,71,161,105,410,968,334,299,641
福布斯中文网,10,771,1299,4733,7,3,77,130,473,580,757,3506,191,542,1227
习五一,10,1790,1974,9356,7,3,179,197,936,1335,1051,5465,455,923,3891
占豪,10,1118,1011,10377,7,3,112,101,1038,793,679,8181,325,332,2196
搞机Time,10,1030,3305,29718,2,8,103,331,2972,94,710,5388,936,2595,24330
IT观察猿,10,1972,3809,118647,6,4,197,381,11865,1180,2317,76857,792,1492,41790
地瓜熊老六,10,1600,2600,21093,5,5,160,260,2109,271,742,7124,1329,1858,13969
大公報-大公網,9,3196,3954,17396,6,3,355,439,1933,3101,3819,16946,95,135,450
虎扑的步行街,9,892,2891,45891,4,5,99,321,5099,245,1089,25597,647,1802,20294
中科大胡不归,9,1264,804,3776,4,5,140,89,420,428,289,1197,836,515,2579
浙商卢献星,9,658,906,10035,5,4,73,101,1115,509,640,6065,149,266,3970
华为云,9,4811,5363,3332,9,0,535,596,370,4811,5363,3332,0,0,0
时尚芭莎,9,15697,6678,20838,9,0,1744,742,2315,15697,6678,20838,0,0,0
CGTN,9,390,508,5043,4,5,43,56,560,211,369,3846,179,139,1197
嘉人,9,114058,14699,59651,9,0,12673,1633,6628,114058,14699,59651,0,0,0
Reviewer_小康,9,399,2552,12000,5,4,44,284,1333,235,1220,10723,164,1332,1277
硬件学堂,9,884,1129,8849,5,4,98,125,983,794,915,4050,90,214,4799
科技Milk,9,399,1485,13755,4,5,44,165,1528,279,864,4001,120,621,9754
IT互联网资讯,9,7133,7691,18217,8,1,793,855,2024,6989,7092,15094,144,599,3123
侠客岛,9,2216,3602,10654,7,2,246,400,1184,2091,3368,9468,125,234,1186
MebiuW,9,720,2639,18392,4,5,80,293,2044,401,1716,9367,319,923,9025
科技涅槃说,9,442,1196,12338,1,8,49,133,1371,10,121,257,432,1075,12081
大米评测,9,2886,3837,19482,5,4,321,426,2165,2734,2269,11144,152,1568,8338
科技疯汇,9,588,2643,18569,3,6,65,294,2063,56,347,6456,532,2296,12113
作家李召军,9,8634,5102,27790,3,6,959,567,3088,5729,3182,17324,2905,1920,10466
中国经济网,8,2750,4621,19679,5,3,344,578,2460,296,506,10411,2454,4115,9268
创业家传媒,8,932,892,1134,6,2,117,112,142,605,688,511,327,204,623
杜文龙,8,563,1125,2768,5,3,70,141,346,356,842,1587,207,283,1181
郎咸平,8,7358,0,56404,2,6,920,0,7051,980,0,4515,6378,0,51889
彩云香江,8,1769,2554,21289,7,1,221,319,2661,1724,2327,20791,45,227,498
韩东言,8,5835,11207,58467,4,4,729,1401,7308,3161,4070,35327,2674,7137,23140
平民王小石,8,4269,1133,6747,6,2,534,142,843,2868,746,5965,1401,387,782
凤凰卫视,8,395,1043,743,6,2,49,130,93,188,232,503,207,811,240
樊建川,8,415,1209,5045,4,4,52,151,631,274,637,3546,141,572,1499
楼斌XYZONE,8,588,3777,12726,2,6,74,472,1591,94,1018,2775,494,2759,9951
苏宁易购,8,10445,7285,197898,8,0,1306,911,24737,10445,7285,197898,0,0,0
科技小布,8,160,2584,2512,6,2,20,323,314,95,1868,1390,65,716,1122
全球时尚,8,33941,12867,64593,8,0,4243,1608,8074,33941,12867,64593,0,0,0
中国移动,8,13009,16676,6562,8,0,1626,2085,820,13009,16676,6562,0,0,0
新潮电子徐林,8,1180,1023,2371,6,2,148,128,296,524,708,1937,656,315,434
义勇军--鬼谷子,8,978,1577,16480,6,2,122,197,2060,818,989,10882,160,588,5598
上帝之鹰_5zn,8,4162,9650,57668,1,7,520,1206,7209,14,67,1182,4148,9583,56486
洛杉矶房东,8,5065,2858,26767,4,4,633,357,3346,1733,864,11247,3332,1994,15520
吐槽科技君,8,413,5191,62541,3,5,52,649,7818,140,858,7461,273,4333,55080
万能的大熊,8,1283,5179,20209,5,3,160,647,2526,850,1851,7796,433,3328,12413
赵明-George,8,1104,2794,41514,8,0,138,349,5189,1104,2794,41514,0,0,0
吴小杰WJie,7,286,1870,2221,4,3,41,267,317,209,1060,1134,77,810,1087
新浪证券,7,43244,35315,95273,3,4,6178,5045,13610,596,468,3112,42648,34847,92161
机工战略,7,833,537,1006,6,1,119,77,144,651,402,843,182,135,163
影视生,7,1919,480,11978,4,3,274,69,1711,1650,217,7477,269,263,4501
媒体人张晓磊,7,2095,2708,34688,6,1,299,387,4955,1954,2677,34494,141,31,194
机智的何先生,7,40499,55338,111430,6,1,5786,7905,15919,37205,50901,100099,3294,4437,11331
热门搞笑排行榜,7,3280,2148,5571,6,1,469,307,796,2756,1933,4631,524,215,940
台湾那点事儿,7,385,1568,23637,6,1,55,224,3377,369,1456,23508,16,112,129
中国商界网,7,1400,2381,24035,6,1,200,340,3434,1180,1771,4278,220,610,19757
莲石路车神,7,105,663,1779,4,3,15,95,254,74,353,1064,31,310,715
RunForYou易烊千玺动图库,7,6908,1238,18154,7,0,987,177,2593,6908,1238,18154,0,0,0
央视网,7,609,1025,3101,5,2,87,146,443,567,843,2961,42,182,140
芒果TV,7,16080,9657,165431,7,0,2297,1380,23633,16080,9657,165431,0,0,0
微博数码,7,435,1233,2664,5,2,62,176,381,230,774,1733,205,459,931
啵唧一口甜丞,7,474,5068,1360,2,5,68,724,194,154,1424,393,320,3644,967
钢的王十二,7,154,889,4680,7,0,22,127,669,154,889,4680,0,0,0
后沙月光本尊,7,480,592,4299,2,5,69,85,614,192,214,839,288,378,3460
思多金,7,2781,569,4361,6,1,397,81,623,2532,240,2390,249,329,1971
城城AI,7,149,2064,3334,5,2,21,295,476,128,1894,2697,21,170,637
释不归,7,605,1092,1595,5,2,86,156,228,439,866,962,166,226,633
历史的进城,7,1396,970,10072,3,4,199,139,1439,928,690,8523,468,280,1549
掌上镇江,7,16650,18876,254016,7,0,2379,2697,36288,16650,18876,254016,0,0,0
Ark咔嚓一下,7,4537,1698,10742,4,3,648,243,1535,134,731,2660,4403,967,8082
涨涨麻麻,7,376,659,4074,6,1,54,94,582,345,581,3705,31,78,369
狂龙十八段,7,111,603,7109,4,3,16,86,1016,84,415,4148,27,188,2961
新浪5G,7,5475,13857,288662,7,0,782,1980,41237,5475,13857,288662,0,0,0
洱海弥,7,720,962,15353,3,4,103,137,2193,359,294,3413,361,668,11940
闪飞,7,876,5345,28256,2,5,125,764,4037,108,620,5420,768,4725,22836
明晞十八,7,590,4748,26989,1,6,84,678,3856,67,389,1299,523,4359,25690
今日聊城头条,7,3561,5577,37928,5,2,509,797,5418,3247,3225,21445,314,2352,16483
回忆专用小马甲,6,7287,4149,11020,5,1,1215,692,1837,5859,3306,8842,1428,843,2178
追风少年刘全有,6,9314,6014,13845,5,1,1552,1002,2308,7031,4668,10714,2283,1346,3131
陈有西,6,3701,1770,2869,5,1,617,295,478,2611,1231,2187,1090,539,682
凤凰周刊,6,600,1620,2058,2,4,100,270,343,78,138,300,522,1482,1758
王小东,6,861,381,964,3,3,144,64,161,443,244,726,418,137,238
风闻社区,6,870,227,1298,3,3,145,38,216,344,94,626,526,133,672
科技疯报,6,422,2342,12670,3,3,70,390,2112,320,1710,7414,102,632,5256
微博股票,6,320,284,424,1,5,53,47,71,86,77,113,234,207,311
清华大学,6,561,273,3472,6,0,94,46,579,561,273,3472,0,0,0
孤烟暮蝉,6,436,1859,13580,1,5,73,310,2263,12,61,269,424,1798,13311
斯图卡98,6,2404,1259,26948,4,2,401,210,4491,330,197,534,2074,1062,26414
测评小铺,6,49,600,942,5,1,8,100,157,39,562,888,10,38,54
愛崽·,6,8775,1948,14714,5,1,1463,325,2452,8743,1891,14068,32,57,646
菊厂搞机,6,3628,895,4887,4,2,605,149,815,3610,865,4749,18,30,138
小多妈Yuki,6,201,964,4320,3,3,34,161,720,42,147,610,159,817,3710
后湾老施,6,336,676,5762,4,2,56,113,960,214,413,4359,122,263,1403
微博科技,6,404,1183,137641,5,1,67,197,22940,400,1180,134773,4,3,2868
老c队长,6,335,791,6850,0,6,56,132,1142,0,0,0,335,791,6850
IT大智,6,367,3591,11413,2,4,61,599,1902,117,1194,2508,250,2397,8905
笑到拔胸毛,6,556,1235,12395,4,2,93,206,2066,224,758,6955,332,477,5440
阿某大叔,6,732,1793,3496,4,2,122,299,583,474,1176,2243,258,617,1253
木西AlexanDENG,6,3150,4715,11052,3,3,525,786,1842,857,714,3704,2293,4001,7348
迪仔Dizzz,6,10972,7785,11279,6,0,1829,1298,1880,10972,7785,11279,0,0,0
YouTube精彩视频,6,5025,3042,9973,6,0,838,507,1662,5025,3042,9973,0,0,0
科普君XueShu雪树,6,3903,2876,5382,6,0,651,479,897,3903,2876,5382,0,0,0
老高电商圈子,6,2384,2591,11505,1,5,397,432,1918,1123,362,1581,1261,2229,9924
月光博客,6,1395,2544,12222,2,4,233,424,2037,148,562,2608,1247,1982,9614
鍋盖頭司令,6,613,1100,55443,1,5,102,183,9241,328,293,642,285,807,54801
行长菌,6,472,2170,14981,4,2,79,362,2497,375,1770,13352,97,400,1629
科技氪,6,118,1510,9030,4,2,20,252,1505,91,953,4489,27,557,4541
互联网的那点事,6,1404,8536,63426,5,1,234,1423,10571,1197,8386,63028,207,150,398
一枚搞机的原子弹,6,548,1023,3996,6,0,91,171,666,548,1023,3996,0,0,0
百盛説,6,1094,1392,15164,5,1,182,232,2527,943,989,12157,151,403,3007
黑猫的黑,6,12992,11938,85421,5,1,2165,1990,14237,10236,10075,62729,2756,1863,22692
见闻企业家,5,958,259,542,5,0,192,52,108,958,259,542,0,0,0
手机中国,5,2513,3360,2841,5,0,503,672,568,2513,3360,2841,0,0,0
Duidui_wifi,5,5315,2090,17130,4,1,1063,418,3426,4969,2005,15899,346,85,1231
北京青年报,5,4082,14484,42673,4,1,816,2897,8535,257,285,32058,3825,14199,10615
TheLancet-Vivian,5,9527,13830,96867,5,0,1905,2766,19373,9527,13830,96867,0,0,0
创业邦杂志,5,709,1085,3645,4,1,142,217,729,653,951,3462,56,134,183
新周刊,5,12861,29708,499629,3,2,2572,5942,99926,8297,257,1235,4564,29451,498394
TFBOYS-易烊千玺,5,336682,1808180,6109129,5,0,67336,361636,1221826,336682,1808180,6109129,0,0,0
易烊千玺JacksonYee工作室,5,135644,48975,448141,5,0,27129,9795,89628,135644,48975,448141,0,0,0
贰手艺术家,5,991,3671,8359,3,2,198,734,1672,896,2572,6201,95,1099,2158
局座召忠,5,9423,12300,72430,4,1,1885,2460,14486,8020,10095,65684,1403,2205,6746
扬子晚报,5,139,154,4728,5,0,28,31,946,139,154,4728,0,0,0
观视频工作室,5,7395,4838,41182,1,4,1479,968,8236,7071,4616,40570,324,222,612
都市快报,5,3421,3845,1917,1,4,684,769,383,3350,3695,1556,71,150,361
张小波,5,4307,8935,3567,0,5,861,1787,713,0,0,0,4307,8935,3567
摄影师_奥利奥爸爸,5,6303,6677,12411,5,0,1261,1335,2482,6303,6677,12411,0,0,0
摩卡,5,3493,7411,6494,2,3,699,1482,1299,99,138,208,3394,7273,6286
首席内幕官,5,1371,2496,6583,2,3,274,499,1317,678,980,2892,693,1516,3691
最奇趣的视频,5,636,1698,34732,2,3,127,340,6946,199,526,6360,437,1172,28372
钱哥,5,97948,46548,77512,4,1,19590,9310,15502,97829,42221,74249,119,4327,3263
唐师曾,5,592,337,1095,5,0,118,67,219,592,337,1095,0,0,0
武力统一,5,885,70,760,5,0,177,14,152,885,70,760,0,0,0
互联网俊明说,5,400,1228,5055,3,2,80,246,1011,151,735,3514,249,493,1541
梅新育,5,313,3,1416,3,2,63,1,283,120,1,413,193,2,1003
数学汤家凤,5,72,1246,9325,5,0,14,249,1865,72,1246,9325,0,0,0
爱搞机的小nv孩,5,610,1430,3316,4,1,122,286,663,601,1314,3090,9,116,226
余丰慧,5,360,557,2841,3,2,72,111,568,276,409,2480,84,148,361
克里斯托夫-金,5,431,548,953,4,1,86,110,191,347,341,807,84,207,146
凯雷,5,1794,1832,12033,3,2,359,366,2407,1240,842,5809,554,990,6224
_村西边老王_,5,297,273,1508,2,3,59,55,302,125,140,1106,172,133,402
钱贵人,5,14917,19622,95316,3,2,2983,3924,19063,14479,16728,88504,438,2894,6812
八组兔区爆料,5,16701,7209,54509,4,1,3340,1442,10902,15051,6466,53021,1650,743,1488
外交部发言人办公室,5,2402,4522,30010,2,3,480,904,6002,117,172,2358,2285,4350,27652
巍岳钦禹,5,722,2814,106011,2,3,144,563,21202,141,716,98771,581,2098,7240
环球纪录频道,5,1514,750,15779,5,0,303,150,3156,1514,750,15779,0,0,0
博物杂志,5,1289,1250,16657,3,2,258,250,3331,593,694,8455,696,556,8202
花粉俱乐部,5,3315,1157,6861,5,0,663,231,1372,3315,1157,6861,0,0,0
包纸玩机,5,459,1482,6824,2,3,92,296,1365,298,864,3563,161,618,3261
烊家军,5,19335,730,4648,5,0,3867,146,930,19335,730,4648,0,0,0
诸葛齉齉,5,1674,2214,8970,3,2,335,443,1794,1637,2023,5230,37,191,3740
八组兔区播报,5,6514,8233,11840,5,0,1303,1647,2368,6514,8233,11840,0,0,0
杨超有个大梦想,5,630,3185,12860,3,2,126,637,2572,600,2663,10995,30,522,1865
卢克文,5,265,1454,7410,2,3,53,291,1482,161,945,4692,104,509,2718
高程CASS,5,227,744,2540,2,3,45,149,508,31,115,774,196,629,1766
潘那白,5,8030,17129,26053,5,0,1606,3426,5211,8030,17129,26053,0,0,0
科技时辰,5,452,4799,19602,2,3,90,960,3920,244,2328,11998,208,2471,7604
股社区,5,2621,5690,33585,1,4,524,1138,6717,249,472,2992,2372,5218,30593
千苏大队长,4,1933,350,3471,4,0,483,88,868,1933,350,3471,0,0,0
呆十三,4,5477,7115,14225,4,0,1369,1779,3556,5477,7115,14225,0,0,0
人民日报海外版-海外网,4,40916,31239,159772,1,3,10229,7810,39943,180,334,1356,40736,30905,158416
察网中国,4,666,208,517,2,2,167,52,129,414,88,304,252,120,213
侯宁,4,1676,3182,6428,2,2,419,796,1607,1425,2712,5205,251,470,1223
南京发布,4,370,664,6198,3,1,93,166,1550,363,587,2707,7,77,3491
George-瓜瓜,4,1175,3002,4284,3,1,294,751,1071,1077,1616,2296,98,1386,1988
止戈从文,4,697,553,616,3,1,174,138,154,615,402,572,82,151,44
全球IT数码排行榜,4,1159,729,1785,4,0,290,182,446,1159,729,1785,0,0,0
黄生看金融,4,3793,1219,3730,3,1,948,305,933,133,139,672,3660,1080,3058
猴大宝,4,60,486,948,2,2,15,122,237,48,289,852,12,197,96
TechWeb,4,165,1154,823,3,1,41,289,206,127,737,577,38,417,246
何凯文,4,904,1199,15562,3,1,226,300,3891,877,1066,14123,27,133,1439
宇哥考研,4,34678,19578,28021,2,2,8670,4895,7005,27261,13883,12673,7417,5695,15348
FashionCover,4,6269,7653,11600,3,1,1567,1913,2900,4843,6115,9534,1426,1538,2066
这里是美国,4,1813,687,4865,3,1,453,172,1216,1483,512,4216,330,175,649
王随机,4,441,694,1417,1,3,110,174,354,40,177,306,401,517,1111
新浪资讯台,4,254,106,779,1,3,64,27,195,118,41,622,136,65,157
AI财经社,4,2916,4030,11125,3,1,729,1008,2781,2841,3993,11106,75,37,19
北京大土豆,4,660,2001,6253,3,1,165,500,1563,306,1688,5423,354,313,830
矿工的风采,4,435,1652,9538,3,1,109,413,2385,335,1340,7557,100,312,1981
英国报姐,4,3740,2665,4335,4,0,935,666,1084,3740,2665,4335,0,0,0
烊是的念来过倒,4,6385,2541,16095,4,0,1596,635,4024,6385,2541,16095,0,0,0
岳东晓博士,4,946,948,6769,3,1,237,237,1692,207,533,6367,739,415,402
InfoQ,4,1599,1366,788,3,1,400,342,197,1421,1305,514,178,61,274
王潮歌,4,53,195,1190,3,1,13,49,298,46,117,874,7,78,316
豆豆说,4,610,876,1594,3,1,153,219,399,473,594,1072,137,282,522
王育琨,4,421,99,213,3,1,105,25,53,220,76,166,201,23,47
我亲爱的拥有和虚无,4,517,527,5399,4,0,129,132,1350,517,527,5399,0,0,0
国资小新,4,388,610,4171,1,3,97,153,1043,46,85,108,342,525,4063
钛媒体APP,4,2271,953,18545,2,2,568,238,4636,2199,637,11203,72,316,7342
新民周刊,4,925,2687,3913,3,1,231,672,978,248,143,1883,677,2544,2030
数字热DGHOT,4,62,1243,1394,0,4,16,311,349,0,0,0,62,1243,1394
制杖妹,4,216,1518,65159,3,1,54,380,16290,195,1500,64592,21,18,567
波咕鸡,4,249,310,3710,3,1,62,78,928,244,224,289,5,86,3421
赶着脚走,4,282,259,582,4,0,71,65,146,282,259,582,0,0,0
李小龙Bruce_Lee,4,623,1441,5620,4,0,156,360,1405,623,1441,5620,0,0,0
Xiao1u,4,700,1379,3197,1,3,175,345,799,81,154,117,619,1225,3080
散户小韭菜,4,723,612,2144,2,2,181,153,536,485,389,1080,238,223,1064
荣耀手机,4,6284,5881,12905,3,1,1571,1470,3226,4734,3636,12323,1550,2245,582
J-格里芬先生,4,1808,2067,9412,2,2,452,517,2353,711,1034,2848,1097,1033,6564
证券时报网,4,264,415,21530,2,2,66,104,5383,180,159,17351,84,256,4179
老蒋政治-蒋中挺,4,2639,997,11608,3,1,660,249,2902,2541,923,10784,98,74,824
看看新闻KNEWS,4,528,6628,48458,4,0,132,1657,12115,528,6628,48458,0,0,0
数码先生,4,4058,499,1937,4,0,1015,125,484,4058,499,1937,0,0,0
爱否科技官方,4,3653,8855,4884,4,0,913,2214,1221,3653,8855,4884,0,0,0
中国反邪教,4,439,431,44053,2,2,110,108,11013,189,140,17702,250,291,26351
苍南派,4,2292,2379,7942,3,1,573,595,1986,1806,1744,5626,486,635,2316
来去之间,4,6003,573,20786,2,2,1501,143,5197,5727,440,19580,276,133,1206
时间视频,4,408,2609,18267,3,1,102,652,4567,358,2410,17909,50,199,358
菜尾蝗-旅行摄影,4,296,383,590,4,0,74,96,148,296,383,590,0,0,0
全球热搞笑榜,4,6625,2771,69337,4,0,1656,693,17334,6625,2771,69337,0,0,0
北京晚报,4,221,148,777,3,1,55,37,194,190,117,557,31,31,220
黑夜之睛滚雪球,4,900,1612,9215,1,3,225,403,2304,343,166,1278,557,1446,7937
宇辉战舰,4,229,251,1347,4,0,57,63,337,229,251,1347,0,0,0
清南师兄,4,2929,120,1642,4,0,732,30,411,2929,120,1642,0,0,0
HHP良,4,599,3583,14597,0,4,150,896,3649,0,0,0,599,3583,14597
成都发布,4,147,420,22483,3,1,37,105,5621,101,286,12303,46,134,10180
申典启,4,353,615,4577,2,2,88,154,1144,79,314,1921,274,301,2656
科罗廖夫,4,512,401,1609,3,1,128,100,402,467,319,1309,45,82,300
九品段子手,4,426,850,9904,0,4,107,213,2476,0,0,0,426,850,9904
楚天都市报,4,4476,11084,217787,4,0,1119,2771,54447,4476,11084,217787,0,0,0
五行缺千i,4,13556,2696,21831,0,4,3389,674,5458,0,0,0,13556,2696,21831
毒家说,4,1145,3403,22767,1,3,286,851,5692,52,167,658,1093,3236,22109
茂哥日记,4,478,1303,7309,3,1,120,326,1827,265,854,4826,213,449,2483
华为心声社区,4,2566,295,2347,4,0,642,74,587,2566,295,2347,0,0,0
Weborntodie,4,4457,1101,15281,4,0,1114,275,3820,4457,1101,15281,0,0,0
Allen小小小小号,4,401,422,3462,4,0,100,106,866,401,422,3462,0,0,0
千家无名氏,4,3831,1851,5497,4,0,958,463,1374,3831,1851,5497,0,0,0
勺布斯,4,411,1550,1754,4,0,103,388,439,411,1550,1754,0,0,0
吉川流,4,30051,8734,58158,4,0,7513,2184,14540,30051,8734,58158,0,0,0
柚子娱乐,4,1464,1333,6657,4,0,366,333,1664,1464,1333,6657,0,0,0
喊我豆奶酱,4,335,523,7402,2,2,84,131,1851,58,266,5057,277,257,2345
全民图鉴,4,791,1380,11861,2,2,198,345,2965,549,396,3447,242,984,8414
予你一遇,4,10190,2172,64675,4,0,2548,543,16169,10190,2172,64675,0,0,0
FashionSeek,4,5880,8870,12730,4,0,1470,2218,3183,5880,8870,12730,0,0,0
刘哔电影,4,62055,22695,104779,4,0,15514,5674,26195,62055,22695,104779,0,0,0
帝吧官微,4,944,1311,17826,3,1,236,328,4457,790,1065,15773,154,246,2053
沈阳晚报,4,310,2894,80609,2,2,78,724,20152,29,180,15754,281,2714,64855
王义博,4,9651,10754,69730,4,0,2413,2689,17433,9651,10754,69730,0,0,0
电商在线,4,370,986,13410,2,2,93,247,3353,135,579,8040,235,407,5370
苏宁,4,12970,6498,283597,4,0,3243,1625,70899,12970,6498,283597,0,0,0
搞机爵士,4,48,411,12082,2,2,12,103,3021,31,191,9494,17,220,2588
大佬时间,3,512,7128,102508,1,2,171,2376,34169,32,34,99,480,7094,102409
湖南卫视,3,16815,8749,344111,3,0,5605,2916,114704,16815,8749,344111,0,0,0
重庆山城山大王,3,440,338,865,3,0,147,113,288,440,338,865,0,0,0
优酷,3,10472,7723,4430,3,0,3491,2574,1477,10472,7723,4430,0,0,0
搜狐,3,9327,8245,4559,3,0,3109,2748,1520,9327,8245,4559,0,0,0
京东手机通讯,3,7450,4103,2869,3,0,2483,1368,956,7450,4103,2869,0,0,0
大佬,3,21235,14016,18956,3,0,7078,4672,6319,21235,14016,18956,0,0,0
何新老家伙,3,2898,0,3150,0,3,966,0,1050,0,0,0,2898,0,3150
股市股道,3,1133,448,2500,2,1,378,149,833,804,308,1463,329,140,1037
钱皓,3,258,383,1610,3,0,86,128,537,258,383,1610,0,0,0
军人之家,3,1042,1712,12028,3,0,347,571,4009,1042,1712,12028,0,0,0
娱小读同学,3,1358,1090,1391,2,1,453,363,464,497,894,992,861,196,399
陈里,3,524,610,1638,3,0,175,203,546,524,610,1638,0,0,0
TF情报局,3,443,74,3650,3,0,148,25,1217,443,74,3650,0,0,0
吐槽鬼,3,290,500,869,2,1,97,167,290,33,217,289,257,283,580
TheChans-易烊千玺个站,3,11082,2637,16145,3,0,3694,879,5382,11082,2637,16145,0,0,0
北欧十度以内的气温,3,341,126,919,3,0,114,42,306,341,126,919,0,0,0
两分,3,906,416,2697,3,0,302,139,899,906,416,2697,0,0,0
IT科技数码达人,3,831,1657,8731,2,1,277,552,2910,590,777,6162,241,880,2569
娱乐圈神评,3,8546,6288,32863,3,0,2849,2096,10954,8546,6288,32863,0,0,0
Awesomethings,3,3583,1585,8174,3,0,1194,528,2725,3583,1585,8174,0,0,0
每天学点经济学,3,248,106,698,1,2,83,35,233,43,75,430,205,31,268
直男什么值得买,3,376,601,1968,2,1,125,200,656,314,526,1754,62,75,214
投中网,3,117,2,80,0,3,39,1,27,0,0,0,117,2,80
互联网分析沙龙,3,195,11,169,2,1,65,4,56,159,9,142,36,2,27
新蜜蜂alex182,3,3560,1247,8641,1,2,1187,416,2880,3347,849,7761,213,398,880
互联网见闻录,3,291,319,1773,3,0,97,106,591,291,319,1773,0,0,0
柴知道,3,745,691,4339,3,0,248,230,1446,745,691,4339,0,0,0
差评君,3,816,820,5962,1,2,272,273,1987,495,503,4132,321,317,1830
韶倾覆华,3,88,971,1073,0,3,29,324,358,0,0,0,88,971,1073
椒江叶Sir,3,1776,1488,2554,2,1,592,496,851,1649,1186,899,127,302,1655
搜狐新闻,3,2037,2444,16386,1,2,679,815,5462,421,393,146,1616,2051,16240
阴阳师攻略组,3,53,618,912,2,1,18,206,304,35,395,596,18,223,316
易烊千玺重庆粉丝团,3,680,197,886,3,0,227,66,295,680,197,886,0,0,0
好书天天荐,3,4972,416,463,2,1,1657,139,154,2946,229,291,2026,187,172
杜建国微博,3,838,997,3595,0,3,279,332,1198,0,0,0,838,997,3595
麻辣小移妹,3,6217,6655,5257,2,1,2072,2218,1752,6151,6419,2294,66,236,2963
北京鲁戈,3,914,401,1816,3,0,305,134,605,914,401,1816,0,0,0
本元禅师,3,218,445,369,1,2,73,148,123,18,68,79,200,377,290
卢麒元,3,805,329,1434,2,1,268,110,478,769,255,1117,36,74,317
皇城根下刀笔吏,3,1651,1144,9930,2,1,550,381,3310,1518,607,6255,133,537,3675
刹那数码,3,167,790,7727,2,1,56,263,2576,97,405,6741,70,385,986
大河报,3,151,2079,12532,1,2,50,693,4177,14,76,5864,137,2003,6668
香港文匯網,3,108,108,1399,2,1,36,36,466,54,17,933,54,91,466
芒果捞扒客,3,4607,4436,7395,2,1,1536,1479,2465,3460,3134,5872,1147,1302,1523
五环短视频,3,539,3699,23486,1,2,180,1233,7829,168,2535,20207,371,1164,3279
Mr厉害,3,61,487,830,2,1,20,162,277,57,462,738,4,25,92
Master_Maserati,3,78,440,5144,1,2,26,147,1715,8,21,60,70,419,5084
秒拍,3,741,263,2320,1,2,247,88,773,127,24,76,614,239,2244
请叫我夏虫,3,129,848,2312,0,3,43,283,771,0,0,0,129,848,2312
憨熊TheTime,3,2340,3006,8811,1,2,780,1002,2937,35,461,637,2305,2545,8174
搞机汇,3,16,169,1958,0,3,5,56,653,0,0,0,16,169,1958
北京人不知道的北京事儿,3,5883,5333,9708,2,1,1961,1778,3236,2802,537,5778,3081,4796,3930
1818黄金眼,3,113,898,1895,2,1,38,299,632,38,593,392,75,305,1503
欧阳潼舢,3,3597,2744,4442,3,0,1199,915,1481,3597,2744,4442,0,0,0
史小千,3,332,632,2439,2,1,111,211,813,223,174,1722,109,458,717
阿声大魔王,3,125,681,6564,1,2,42,227,2188,16,27,66,109,654,6498
麦子,3,356,658,8513,3,0,119,219,2838,356,658,8513,0,0,0
朱伟老师,3,43,1455,855,2,1,14,485,285,17,116,482,26,1339,373
邢立达,3,184,893,5650,1,2,61,298,1883,128,323,2633,56,570,3017
H_花花玩家,3,44,457,1148,3,0,15,152,383,44,457,1148,0,0,0
中国妇女报,3,4665,684,5162,2,1,1555,228,1721,4649,668,5091,16,16,71
实时星闻,3,810,2439,27672,3,0,270,813,9224,810,2439,27672,0,0,0
圈内教父,3,2538,1876,10261,3,0,846,625,3420,2538,1876,10261,0,0,0
知乎,3,2083,1822,1230,1,2,694,607,410,674,492,581,1409,1330,649
中国大学生在线,3,5020,3966,4562,2,1,1673,1322,1521,4750,3788,1597,270,178,2965
北京塞冬,3,1147,667,3092,3,0,382,222,1031,1147,667,3092,0,0,0
ba哥专用,3,2289,2283,12991,2,1,763,761,4330,1830,1625,2837,459,658,10154
华为王成录,3,3107,1989,1244,3,0,1036,663,415,3107,1989,1244,0,0,0
江苏网警,3,641,506,1243,1,2,214,169,414,198,369,750,443,137,493
悉尼顾俊,3,65,414,2371,3,0,22,138,790,65,414,2371,0,0,0
金山二姐,3,163,348,2675,1,2,54,116,892,54,111,1238,109,237,1437
钟恩淇,3,166,26981,19478,3,0,55,8994,6493,166,26981,19478,0,0,0
小祥啰啰嗦,3,180,544,659,3,0,60,181,220,180,544,659,0,0,0
图虫摄影网,3,60,24,286,2,1,20,8,95,55,22,245,5,2,41
Eva的科技生活,3,401,527,1549,2,1,134,176,516,311,339,1106,90,188,443
YouTube精选,3,2841,1486,4905,1,2,947,495,1635,725,619,725,2116,867,4180
笑成沙雕了,3,1525,987,7296,3,0,508,329,2432,1525,987,7296,0,0,0
秦一一,3,1756,1214,4280,1,2,585,405,1427,4,14,99,1752,1200,4181
黑客师,3,1289,1367,1870,3,0,430,456,623,1289,1367,1870,0,0,0
数据化管理,3,154,606,28414,1,2,51,202,9471,22,36,43,132,570,28371
鹅组兔区爆料,3,2185,2185,23258,2,1,728,728,7753,462,730,5344,1723,1455,17914
叶檀,3,392,776,2020,1,2,131,259,673,14,100,497,378,676,1523
甲历史,3,1167,5480,17812,3,0,389,1827,5937,1167,5480,17812,0,0,0
如皋老猫,3,431,433,2266,0,3,144,144,755,0,0,0,431,433,2266
朱笑三,3,2199,1489,6119,2,1,733,496,2040,1941,155,2324,258,1334,3795
数码君,3,397,1402,110471,1,2,132,467,36824,162,479,37573,235,923,72898
数码疯报,3,57,913,2249,2,1,19,304,750,24,434,1158,33,479,1091
寂寞嫦娥舒广袖,3,264,1246,3817,2,1,88,415,1272,231,1042,3062,33,204,755
IT小莫,3,315,2480,1563,3,0,105,827,521,315,2480,1563,0,0,0
岚岚大冒险,3,3837,9385,18066,3,0,1279,3128,6022,3837,9385,18066,0,0,0
天眼查,3,1248,1451,11048,2,1,416,484,3683,820,1000,7532,428,451,3516
一张杨晗,3,1415,2699,8450,3,0,472,900,2817,1415,2699,8450,0,0,0
股道热肠也,3,1373,1280,4684,2,1,458,427,1561,857,1144,4149,516,136,535
震长,3,132,273,3176,3,0,44,91,1059,132,273,3176,0,0,0
笑部长,3,4079,4100,54841,0,3,1360,1367,18280,0,0,0,4079,4100,54841
三联生活周刊,3,430,378,1084,2,1,143,126,361,410,365,976,20,13,108
fenibook,3,268,584,2800,0,3,89,195,933,0,0,0,268,584,2800
牙疼老爷爷,3,192,171,1763,3,0,64,57,588,192,171,1763,0,0,0
程远Cherio,3,200,1432,8119,2,1,67,477,2706,140,575,3893,60,857,4226
蜀黍都笑湿了,3,314,272,3585,0,3,105,91,1195,0,0,0,314,272,3585
笑点菌,3,808,428,11679,0,3,269,143,3893,0,0,0,808,428,11679
胡永平,3,120,840,2383,2,1,40,280,794,96,358,1315,24,482,1068
科技小奈,3,132,642,2113,2,1,44,214,704,67,299,885,65,343,1228
看糊逼多跳脚就知道千玺有多火,3,4077,1619,6097,2,1,1359,540,2032,4042,1491,5352,35,128,745
壹小寒,3,2548,3740,39001,2,1,849,1247,13000,2427,3690,38709,121,50,292
神奇的大冬瓜,3,200,417,1318,2,1,67,139,439,174,223,741,26,194,577
知未科技,3,709,465,8328,2,1,236,155,2776,190,181,3779,519,284,4549
熊姐,3,107,608,41855,0,3,36,203,13952,0,0,0,107,608,41855
娱乐圈小青年,3,2698,3206,7033,3,0,899,1069,2344,2698,3206,7033,0,0,0
神兽妹子爱元宝,3,8171,1958,14388,3,0,2724,653,4796,8171,1958,14388,0,0,0
全球奇葩事,3,240,941,7729,0,3,80,314,2576,0,0,0,240,941,7729
小白撩机,3,101,1298,5929,1,2,34,433,1976,16,154,1111,85,1144,4818
深圳小天,3,142,631,4609,2,1,47,210,1536,120,309,1835,22,322,2774
芒果娱乐,3,3439,1873,12095,3,0,1146,624,4032,3439,1873,12095,0,0,0
星闻揭秘,3,3213,1470,6143,2,1,1071,490,2048,2372,809,4398,841,661,1745
任平生日记,3,326,582,2760,2,1,109,194,920,226,151,384,100,431,2376
吃瓜鹅每日搬,3,1156,2865,110079,2,1,385,955,36693,956,2101,108680,200,764,1399
哈侠,3,632,1203,7372,3,0,211,401,2457,632,1203,7372,0,0,0
海和蓝,3,285,2532,15292,3,0,95,844,5097,285,2532,15292,0,0,0
阿宽akuan,3,267,2387,6081,2,1,89,796,2027,201,1293,3600,66,1094,2481
深蓝财经,3,821,8253,86087,2,1,274,2751,28696,638,8114,85286,183,139,801
勺芭儿卷,3,41,80,2468,3,0,14,27,823,41,80,2468,0,0,0
饭统戴老板,3,290,522,3428,3,0,97,174,1143,290,522,3428,0,0,0
摄影师李小月,3,1926,3098,4208,3,0,642,1033,1403,1926,3098,4208,0,0,0
李牧,3,419,1309,8417,2,1,140,436,2806,298,471,3242,121,838,5175
TESTV-配音君,3,77,979,3832,1,2,26,326,1277,26,216,748,51,763,3084
毒舌数码,3,469,4018,27188,2,1,156,1339,9063,35,315,4116,434,3703,23072
老爆科技,3,490,1806,4498,2,1,163,602,1499,482,1646,4259,8,160,239
腥闻人,3,842,996,4793,1,2,281,332,1598,639,147,864,203,849,3929
全球奇闻微爆光,3,374,662,3143,3,0,125,221,1048,374,662,3143,0,0,0
FashionMarks,3,5784,5987,14159,3,0,1928,1996,4720,5784,5987,14159,0,0,0
Hey贝塔,3,392,3397,13781,1,2,131,1132,4594,17,22,1685,375,3375,12096
Lin张林超,3,397,1124,2563,3,0,132,375,854,397,1124,2563,0,0,0
大红璽,3,3371,1015,10630,3,0,1124,338,3543,3371,1015,10630,0,0,0
我是HYK,3,225,1716,7422,3,0,75,572,2474,225,1716,7422,0,0,0
贾伯斯龙,3,238,269,4028,2,1,79,90,1343,209,205,2163,29,64,1865
水哥爱搞机,3,303,1708,10351,1,2,101,569,3450,183,401,2920,120,1307,7431
教父娱乐,3,6131,1748,7432,3,0,2044,583,2477,6131,1748,7432,0,0,0
包纸包纸肉肉,3,526,3273,14120,3,0,175,1091,4707,526,3273,14120,0,0,0
Sun_刘磊,3,1947,2531,17225,0,3,649,844,5742,0,0,0,1947,2531,17225
南风不减似狂年,3,3460,1308,1556,3,0,1153,436,519,3460,1308,1556,0,0,0
无为李爷,3,1569,2330,16257,0,3,523,777,5419,0,0,0,1569,2330,16257
高压锅数码,3,96,273,7509,2,1,32,91,2503,53,181,3186,43,92,4323
阿森,3,37,154,9110,1,2,12,51,3037,10,17,2954,27,137,6156
渠洋,3,48,240,15198,0,3,16,80,5066,0,0,0,48,240,15198
中国新闻社,2,174,192,32291,1,1,87,96,16146,31,42,451,143,150,31840
英国那些事儿,2,1514,689,4234,2,0,757,345,2117,1514,689,4234,0,0,0
贴吧君,2,1475,3974,3401,1,1,738,1987,1701,1373,657,2032,102,3317,1369
少数派sspai,2,88,109,104,2,0,44,55,52,88,109,104,0,0,0
酷安网,2,20,74,302,2,0,10,37,151,20,74,302,0,0,0
王怡苏VLOG,2,762,844,1673,1,1,381,422,837,174,363,673,588,481,1000
微博电视剧,2,7653,5301,4417,2,0,3827,2651,2209,7653,5301,4417,0,0,0
哔哩哔哩弹幕网,2,67,120,732,2,0,34,60,366,67,120,732,0,0,0
魏泽楷,2,582,566,1805,2,0,291,283,903,582,566,1805,0,0,0
唐有讼,2,6558,5912,28220,1,1,3279,2956,14110,246,127,3231,6312,5785,24989
深圳微博发布厅,2,53182,33095,175478,1,1,26591,16548,87739,50,37,40,53132,33058,175438
草图君,2,1018,1954,7458,2,0,509,977,3729,1018,1954,7458,0,0,0
白衣山猫,2,1616,4255,9478,0,2,808,2128,4739,0,0,0,1616,4255,9478
深圳宁南山,2,4955,2402,11796,1,1,2478,1201,5898,1715,834,7821,3240,1568,3975
我们都爱看科普,2,257,211,977,1,1,129,106,489,138,130,548,119,81,429
黄刚,2,3217,9380,47761,2,0,1609,4690,23881,3217,9380,47761,0,0,0
ETtoday新聞雲,2,265,2416,3469,1,1,133,1208,1735,28,428,247,237,1988,3222
盐盐气息,2,50,59,365,2,0,25,30,183,50,59,365,0,0,0
张冶0003,2,99,607,1648,0,2,50,304,824,0,0,0,99,607,1648
柯基_Feeling,2,2751,624,3622,2,0,1376,312,1811,2751,624,3622,0,0,0
愤怒的WZY,2,76,748,2149,1,1,38,374,1075,48,520,1437,28,228,712
盘点科技黄小平,2,98,298,1056,2,0,49,149,528,98,298,1056,0,0,0
时装LOFFICIEL,2,17552,1176,36201,2,0,8776,588,18101,17552,1176,36201,0,0,0
浅笑盈盈中,2,267,516,2557,2,0,134,258,1279,267,516,2557,0,0,0
老股民大张,2,1408,2074,14820,2,0,704,1037,7410,1408,2074,14820,0,0,0
如此这般喜欢千呀,2,110,347,328,2,0,55,174,164,110,347,328,0,0,0
李老八Bug,2,167,599,461,2,0,84,300,231,167,599,461,0,0,0
M大王叫我来巡山,2,2913,2213,2657,2,0,1457,1107,1329,2913,2213,2657,0,0,0
易喵燚烊,2,754,167,884,2,0,377,84,442,754,167,884,0,0,0
馒头烧仙草,2,1486,387,1206,2,0,743,194,603,1486,387,1206,0,0,0
短线刀客888,2,47,21,108,1,1,24,11,54,14,8,53,33,13,55
海雀科技,2,3400,540,183,2,0,1700,270,92,3400,540,183,0,0,0
JIARUI0412,2,248,243,699,2,0,124,122,350,248,243,699,0,0,0
精品研究院官方微博,2,503,550,1256,2,0,252,275,628,503,550,1256,0,0,0
朱海舟,2,47,672,754,1,1,24,336,377,17,214,354,30,458,400
新浪游戏,2,26,89,194,2,0,13,45,97,26,89,194,0,0,0
关晓彤,2,21767,18781,158780,2,0,10884,9391,79390,21767,18781,158780,0,0,0
大英良心汉弗莱,2,228,290,1141,2,0,114,145,571,228,290,1141,0,0,0
N乌托邦帮主无名B,2,1926,1049,14629,1,1,963,525,7315,1897,964,14589,29,85,40
最神奇的视频,2,1746,407,1589,1,1,873,204,795,794,99,1150,952,308,439
华为招聘,2,1058,451,295,2,0,529,226,148,1058,451,295,0,0,0
Bingo实验室,2,3583,2162,1659,2,0,1792,1081,830,3583,2162,1659,0,0,0
中华全国学联,2,5942,3131,3704,2,0,2971,1566,1852,5942,3131,3704,0,0,0
黄胜友,2,643,281,234,1,1,322,141,117,290,170,52,353,111,182
梨子最爱123,2,37,66,784,2,0,19,33,392,37,66,784,0,0,0
飞扬发髻,2,35,321,483,0,2,18,161,242,0,0,0,35,321,483
逛大牌,2,11,206,517,2,0,6,103,259,11,206,517,0,0,0
doinb金咕咕,2,15,319,2005,2,0,8,160,1003,15,319,2005,0,0,0
不太老,2,360,129,201,1,1,180,65,101,45,28,123,315,101,78
谦卑侯爷,2,90,170,101,0,2,45,85,51,0,0,0,90,170,101
网易新闻客户端,2,388,358,166,0,2,194,179,83,0,0,0,388,358,166
醒来的大鸦,2,170,97,152,1,1,85,49,76,104,39,84,66,58,68
青春娱乐网,2,4108,2084,4643,1,1,2054,1042,2322,2869,1130,2544,1239,954,2099
营养师顾中一,2,51,474,643,2,0,26,237,322,51,474,643,0,0,0
嘿丝科技,2,94,145,225,1,1,47,73,113,20,62,143,74,83,82
种草小海龟,2,64,1263,23876,2,0,32,632,11938,64,1263,23876,0,0,0
Houson猴姆,2,3019,863,1802,2,0,1510,432,901,3019,863,1802,0,0,0
种草小布,2,10,128,273,1,1,5,64,137,4,75,161,6,53,112
快手网红故事,2,12,2052,2957,2,0,6,1026,1479,12,2052,2957,0,0,0
钱江晚报,2,213,852,3018,2,0,107,426,1509,213,852,3018,0,0,0
哈尔滨身边事,2,45,229,215,1,1,23,115,108,37,81,165,8,148,50
马喆Ma_zhe,2,55,69,271,0,2,28,35,136,0,0,0,55,69,271
六安身边事,2,1262,1493,4177,2,0,631,747,2089,1262,1493,4177,0,0,0
成都高新,2,78,61,35,2,0,39,31,18,78,61,35,0,0,0
千玺梨涡里躺着的炸炸,2,63,155,515,2,0,32,78,258,63,155,515,0,0,0
紫荆树,2,167,377,338,1,1,84,189,169,102,247,272,65,130,66
小智在那美克星,2,463,405,465,1,1,232,203,233,69,143,268,394,262,197
读书邮箱,2,4185,288,332,1,1,2093,144,166,2068,76,168,2117,212,164
林明正-台灣,2,31,260,717,0,2,16,130,359,0,0,0,31,260,717
济南生活,2,119,316,1266,2,0,60,158,633,119,316,1266,0,0,0
正和岛标准,2,117,59,65,2,0,59,30,33,117,59,65,0,0,0
深圳商报,2,33,120,250,1,1,17,60,125,8,10,165,25,110,85
猫扑,2,4638,3653,2307,2,0,2319,1827,1154,4638,3653,2307,0,0,0
木浮生,2,32,353,1558,2,0,16,177,779,32,353,1558,0,0,0
毛丹青,2,84,124,702,2,0,42,62,351,84,124,702,0,0,0
祖國是大陸,2,25,215,265,1,1,13,108,133,5,108,83,20,107,182
蒋丰,2,182,167,294,1,1,91,84,147,43,45,129,139,122,165
娱圈欧巴,2,160,68,1838,2,0,80,34,919,160,68,1838,0,0,0
华为智选,2,410,341,202,2,0,205,171,101,410,341,202,0,0,0
商界BUSINESS,2,176,42,210,1,1,88,21,105,54,34,128,122,8,82
素七说,2,366,452,2191,1,1,183,226,1096,148,172,207,218,280,1984
饭圈少女,2,1259,1193,7475,2,0,630,597,3738,1259,1193,7475,0,0,0
娱乐扒掌柜,2,1869,1625,2629,2,0,935,813,1315,1869,1625,2629,0,0,0
韩景枫51KING,2,85,383,2086,2,0,43,192,1043,85,383,2086,0,0,0
JohnRoss431,2,431,103,607,2,0,216,52,304,431,103,607,0,0,0
我的偶像是二哔,2,4761,4180,14554,2,0,2381,2090,7277,4761,4180,14554,0,0,0
知识分子,2,986,1416,1917,2,0,493,708,959,986,1416,1917,0,0,0
王亶文,2,284,16,348,1,1,142,8,174,250,9,323,34,7,25
张平安-Alex,2,2440,2177,2037,2,0,1220,1089,1019,2440,2177,2037,0,0,0
娱乐明星团,2,1660,3161,10133,2,0,830,1581,5067,1660,3161,10133,0,0,0
萱味甜,2,82,349,98,1,1,41,175,49,3,130,57,79,219,41
欧欧大王,2,13086,3595,5151,2,0,6543,1798,2576,13086,3595,5151,0,0,0
简直笑哭了,2,77,170,701,1,1,39,85,351,50,63,504,27,107,197
haruru,2,129,208,300,1,1,65,104,150,125,40,211,4,168,89
嘉善老顾,2,1152,285,3878,1,1,576,143,1939,1065,264,3834,87,21,44
ZAEKE知客,2,111,137,90,2,0,56,69,45,111,137,90,0,0,0
爱搞机,2,70,161,24903,1,1,35,81,12452,61,132,24877,9,29,26
行政法徐金桂,2,18,142,644,2,0,9,71,322,18,142,644,0,0,0
搞机小王子奇点,2,61,83,229,0,2,31,42,115,0,0,0,61,83,229
王子异,2,200,344467,420753,2,0,100,172234,210377,200,344467,420753,0,0,0
娱叔,2,2093,3021,2091,2,0,1047,1511,1046,2093,3021,2091,0,0,0
电影影视评论员,2,1170,1324,4610,1,1,585,662,2305,493,695,2062,677,629,2548
圈叭叭,2,1296,3500,16560,1,1,648,1750,8280,1257,2909,15520,39,591,1040
壹点娱乐,2,3394,3555,4181,2,0,1697,1778,2091,3394,3555,4181,0,0,0
Rabbit每日爆料,2,373,1335,16294,1,1,187,668,8147,211,533,1496,162,802,14798
UnboxTherapy,2,64,82,271,2,0,32,41,136,64,82,271,0,0,0
馮偉文,2,34,161,247,0,2,17,81,124,0,0,0,34,161,247
中国政府网,2,188,0,270,2,0,94,0,135,188,0,270,0,0,0
皓伦王明川,2,365,35,192,2,0,183,18,96,365,35,192,0,0,0
叫我ThreeY,2,24,424,361,0,2,12,212,181,0,0,0,24,424,361
常程,2,116,1535,1044,2,0,58,768,522,116,1535,1044,0,0,0
夏河,2,1732,1652,10258,1,1,866,826,5129,212,775,445,1520,877,9813
魔鬼经济学,2,188,6,180,0,2,94,3,90,0,0,0,188,6,180
枪-和玫瑰,2,25,360,397,1,1,13,180,199,20,58,231,5,302,166
小啤Derek,2,129,600,851,0,2,65,300,426,0,0,0,129,600,851
小里雾诗,2,9348,1331,7761,1,1,4674,666,3881,9047,1287,7323,301,44,438
原烽_BOE,2,294,121,234,2,0,147,61,117,294,121,234,0,0,0
久久妹妹,2,20,301,2480,2,0,10,151,1240,20,301,2480,0,0,0
小白测评张宇,2,21,378,382,0,2,11,189,191,0,0,0,21,378,382
荣耀HONOR,2,1261,497,791,2,0,631,249,396,1261,497,791,0,0,0
ZOL中关村在线,2,203,1001,4517,0,2,102,501,2259,0,0,0,203,1001,4517
奥凯航空,2,6635,7358,2906,1,1,3318,3679,1453,2895,3162,1132,3740,4196,1774
耿直的阿拉斯加猪,2,250,105,360,0,2,125,53,180,0,0,0,250,105,360
李北方同学,2,398,229,292,0,2,199,115,146,0,0,0,398,229,292
Vetrax嚣张卫视,2,59,36,111,2,0,30,18,56,59,36,111,0,0,0
陈永东,2,82,897,1384,0,2,41,449,692,0,0,0,82,897,1384
拜托啦学妹,2,6648,1169,31950,0,2,3324,585,15975,0,0,0,6648,1169,31950
Talk英语视频,2,175,16,252,2,0,88,8,126,175,16,252,0,0,0
Hedgie,2,66,127,505,1,1,33,64,253,43,48,170,23,79,335
同花顺,2,284,23,139,2,0,142,12,70,284,23,139,0,0,0
EC品牌观察,2,185,193,389,2,0,93,97,195,185,193,389,0,0,0
电影幕后故事,2,1332,543,1818,2,0,666,272,909,1332,543,1818,0,0,0
阿狸,2,5601,4989,3024,1,1,2801,2495,1512,4353,4199,1942,1248,790,1082
Bzwlwhcool_y,2,21,49,425,2,0,11,25,213,21,49,425,0,0,0
ZAKER,2,3540,3570,1665,2,0,1770,1785,833,3540,3570,1665,0,0,0
果子狸7777,2,250,168,310,0,2,125,84,155,0,0,0,250,168,310
魏布斯,2,160,247,540,2,0,80,124,270,160,247,540,0,0,0
武汉吃喝玩乐,2,40,284,349,2,0,20,142,175,40,284,349,0,0,0
画画的老武,2,276,653,4019,1,1,138,327,2010,88,70,39,188,583,3980
肆柒Lyn,2,1101,8823,1667,1,1,551,4412,834,434,6302,1120,667,2521,547
风中的厂长,2,124,500,465,1,1,62,250,233,64,248,277,60,252,188
云南龙湖,2,4110,4674,2058,2,0,2055,2337,1029,4110,4674,2058,0,0,0
GalGadotFanPage,2,145,36,342,1,1,73,18,171,120,21,217,25,15,125
WHYLAB,2,433,238,5834,1,1,217,119,2917,22,118,5503,411,120,331
人人视频,2,1056,339,2725,2,0,528,170,1363,1056,339,2725,0,0,0
热门视频秀,2,239,267,2920,0,2,120,134,1460,0,0,0,239,267,2920
西安交通大学,2,135,87,721,2,0,68,44,361,135,87,721,0,0,0
ITheat热点科技,2,613,559,405,1,1,307,280,203,503,543,293,110,16,112
林海听涛,2,241,731,2303,0,2,121,366,1152,0,0,0,241,731,2303
Top-Cars,2,249,259,9192,2,0,125,130,4596,249,259,9192,0,0,0
书法雅集,2,93,44,253,1,1,47,22,127,53,36,166,40,8,87
广东共青团,2,422,171,1852,1,1,211,86,926,343,49,347,79,122,1505
时尚怪咖喵喵Miny,2,573,1943,4474,1,1,287,972,2237,297,1053,1756,276,890,2718
八组今天安利什么,2,163,410,562,2,0,82,205,281,163,410,562,0,0,0
摄影师裤子,2,24,214,973,2,0,12,107,487,24,214,973,0,0,0
锹夺天工杨大眼,2,237,130,894,2,0,119,65,447,237,130,894,0,0,0
王冰汝,2,119,602,980,1,1,60,301,490,80,208,537,39,394,443
黄西炮,2,463,245,1519,2,0,232,123,760,463,245,1519,0,0,0
Finch小番茄,2,480,427,742,2,0,240,214,371,480,427,742,0,0,0
RZ睿智先生,2,2368,2713,10470,2,0,1184,1357,5235,2368,2713,10470,0,0,0
央广军事,2,307,177,1191,2,0,154,89,596,307,177,1191,0,0,0
CCTV1开讲啦,2,156,110,564,1,1,78,55,282,79,70,314,77,40,250
科技入魔,2,456,1479,2191,0,2,228,740,1096,0,0,0,456,1479,2191
环球人物杂志,2,138,51,530,2,0,69,26,265,138,51,530,0,0,0
IT工程师,2,397,1023,6525,1,1,199,512,3263,56,95,567,341,928,5958
炙热Mike_,2,317,825,6943,1,1,159,413,3472,301,805,6792,16,20,151
圈歌在这里,2,19,204,689,1,1,10,102,345,12,34,297,7,170,392
中山大学,2,185,65,575,2,0,93,33,288,185,65,575,0,0,0
新视界发现者,2,306,43,262,1,1,153,22,131,281,22,212,25,21,50
LAC-庆舍,2,139,2605,3592,1,1,70,1303,1796,24,27,104,115,2578,3488
银教授,2,1220,1123,3271,1,1,610,562,1636,511,548,1092,709,575,2179
广西日报,2,41,33,226,2,0,21,17,113,41,33,226,0,0,0
樱桃说房子,2,519,648,1742,0,2,260,324,871,0,0,0,519,648,1742
科技万事通,2,152,47,312,2,0,76,24,156,152,47,312,0,0,0
德卡先生的信箱,2,5186,5568,14234,2,0,2593,2784,7117,5186,5568,14234,0,0,0
莱万多夫斯基Lewy,2,55,58,627,1,1,28,29,314,48,28,296,7,30,331
洪琦--,2,17,736,902,2,0,9,368,451,17,736,902,0,0,0
古德猛安,2,183,572,1343,1,1,92,286,672,105,229,1017,78,343,326
周维Drake,2,77,1203,246,0,2,39,602,123,0,0,0,77,1203,246
中国移动手机俱乐部,2,2636,3860,1196,2,0,1318,1930,598,2636,3860,1196,0,0,0
180301-191106,2,39,15,87,2,0,20,8,44,39,15,87,0,0,0
新浪四川,2,44,123,11068,2,0,22,62,5534,44,123,11068,0,0,0
混沌与概率1997,2,29,298,633,1,1,15,149,317,14,69,145,15,229,488
集微网官网,2,69,160,1008,1,1,35,80,504,37,133,988,32,27,20
曾鹏宇,2,57,146,202,1,1,29,73,101,46,97,175,11,49,27
白圭子,2,28,173,277,0,2,14,87,139,0,0,0,28,173,277
Esports海涛,2,68,816,832,2,0,34,408,416,68,816,832,0,0,0
TESTV值不值得买,2,58,308,464,1,1,29,154,232,18,95,235,40,213,229
在路上-小词,2,1300,1350,6501,2,0,650,675,3251,1300,1350,6501,0,0,0
买家张俊,2,57,209,807,1,1,29,105,404,23,105,449,34,104,358
广州日报,2,71,39,1096,2,0,36,20,548,71,39,1096,0,0,0
南山林雪萍,2,458,474,897,1,1,229,237,449,304,213,745,154,261,152
从股置金,2,310,895,4626,1,1,155,448,2313,235,777,873,75,118,3753
原图妈,2,918,1440,3648,2,0,459,720,1824,918,1440,3648,0,0,0
苏铁s,2,284,140,354,1,1,142,70,177,213,88,249,71,52,105
IT互联网那点事,2,410,500,1280,2,0,205,250,640,410,500,1280,0,0,0
快科技2018,2,22,966,315,1,1,11,483,158,11,424,190,11,542,125
网站分析公会,2,121,500,310,1,1,61,250,155,106,467,245,15,33,65
每天学点摄影技巧,2,45,25,237,2,0,23,13,119,45,25,237,0,0,0
沿海观察汇总者,2,941,5590,10973,0,2,471,2795,5487,0,0,0,941,5590,10973
墨香书坊,2,1199,360,297,1,1,600,180,149,643,193,235,556,167,62
安东尼,2,73,635,3755,2,0,37,318,1878,73,635,3755,0,0,0
五月数码科技,2,12,397,383,2,0,6,199,192,12,397,383,0,0,0
Bigger研究所,2,11953,15067,7853,2,0,5977,7534,3927,11953,15067,7853,0,0,0
两色风景嘎,2,802,895,1634,2,0,401,448,817,802,895,1634,0,0,0
王小呆,2,465,896,1019,1,1,233,448,510,190,232,382,275,664,637
娱Ms,2,1694,3576,6795,1,1,847,1788,3398,440,621,1809,1254,2955,4986
王尼玛,2,20241,7113,82644,2,0,10121,3557,41322,20241,7113,82644,0,0,0
周立波,2,4580,633,9061,0,2,2290,317,4531,0,0,0,4580,633,9061
陈文伍,2,1252,1455,8106,2,0,626,728,4053,1252,1455,8106,0,0,0
封面新闻,2,372,230,405,2,0,186,115,203,372,230,405,0,0,0
意林杂志,2,284,60,1226,2,0,142,30,613,284,60,1226,0,0,0
郑洪升,2,54,180,1153,1,1,27,90,577,9,82,412,45,98,741
李太林导师,2,172,63,621,1,1,86,32,311,60,59,499,112,4,122
全国大联考,2,464,622,5041,2,0,232,311,2521,464,622,5041,0,0,0
沈阳大小事,2,13477,3749,81962,1,1,6739,1875,40981,13453,3720,77149,24,29,4813
鬼王教教主,2,261,325,7738,2,0,131,163,3869,261,325,7738,0,0,0
老曾阿牛,2,473,200,2707,1,1,237,100,1354,449,144,2433,24,56,274
河北工业大学,2,228,188,535,2,0,114,94,268,228,188,535,0,0,0
法考刑诉向高甲,2,62,430,1915,2,0,31,215,958,62,430,1915,0,0,0
黄安,2,40,564,3904,2,0,20,282,1952,40,564,3904,0,0,0
一个婧爷呀,2,2645,519,7030,2,0,1323,260,3515,2645,519,7030,0,0,0
奇葩图鉴,2,559,1233,5192,2,0,280,617,2596,559,1233,5192,0,0,0
侯安扬HF,2,4212,2703,21786,1,1,2106,1352,10893,4131,2570,20446,81,133,1340
刘阳Cary,2,2574,13949,123441,1,1,1287,6975,61721,678,4664,13225,1896,9285,110216
移动叔叔,2,181,627,25503,0,2,91,314,12752,0,0,0,181,627,25503
网易娱乐频道,2,17233,3583,23061,2,0,8617,1792,11531,17233,3583,23061,0,0,0
武汉同城会,2,195,369,4222,2,0,98,185,2111,195,369,4222,0,0,0
ZZZ栗,2,4387,645,7144,2,0,2194,323,3572,4387,645,7144,0,0,0
扒圈老鬼,2,497,678,10117,2,0,249,339,5059,497,678,10117,0,0,0
韩流,2,1461,853,21315,2,0,731,427,10658,1461,853,21315,0,0,0
科技喵,2,172,521,3016,1,1,86,261,1508,21,78,163,151,443,2853
Thomas看看世界,2,42,154,873,2,0,21,77,437,42,154,873,0,0,0
破折号,2,36,43,1403,1,1,18,22,702,6,18,816,30,25,587
沃实,2,65,90,544,1,1,33,45,272,25,67,308,40,23,236
sven_shi,2,375,375,2469,1,1,188,188,1235,291,196,1644,84,179,825
鞭鞭于白水,2,745,566,1792,2,0,373,283,896,745,566,1792,0,0,0
影娱榜,2,181,249,2945,0,2,91,125,1473,0,0,0,181,249,2945
旧情甚堪,2,283,604,6753,0,2,142,302,3377,0,0,0,283,604,6753
教育知事,2,235,105,395,1,1,118,53,198,105,76,177,130,29,218
经济日报,2,10,34,1915,2,0,5,17,958,10,34,1915,0,0,0
总裁语录,2,24,66,7574,1,1,12,33,3787,4,7,557,20,59,7017
灵超鹅爱吃大白兔奶糖,2,63,26,357,2,0,32,13,179,63,26,357,0,0,0
原画册韩松,2,50,25,505,2,0,25,13,253,50,25,505,0,0,0
空什么格,2,447,236,2098,2,0,224,118,1049,447,236,2098,0,0,0
搞机小公主,2,109,189,274,2,0,55,95,137,109,189,274,0,0,0
司马子瀟瀟,2,189,155,10047,1,1,95,78,5024,126,121,691,63,34,9356
圈老汉,2,1139,4488,31252,2,0,570,2244,15626,1139,4488,31252,0,0,0
麻尾,2,8793,2499,70739,2,0,4397,1250,35370,8793,2499,70739,0,0,0
深圳网警,2,196,80,1906,1,1,98,40,953,114,45,1808,82,35,98
陈博文-CasterCrew,2,23,202,2362,2,0,12,101,1181,23,202,2362,0,0,0
_恶魔奶爸_,2,268,238,2762,1,1,134,119,1381,165,116,1097,103,122,1665
元气少女惠Rachel,2,3163,6253,20483,2,0,1582,3127,10242,3163,6253,20483,0,0,0
CarShooter,2,15,123,3546,2,0,8,62,1773,15,123,3546,0,0,0
人工智能生活,2,376,792,1419,2,0,188,396,710,376,792,1419,0,0,0
冰室骑士,2,490,423,2112,1,1,245,212,1056,43,69,314,447,354,1798
匪我思存,2,25,378,4215,1,1,13,189,2108,4,163,1182,21,215,3033
搞笑局,2,39,67,560,0,2,20,34,280,0,0,0,39,67,560
荣耀老熊,2,442,1019,4471,2,0,221,510,2236,442,1019,4471,0,0,0
知书少年果麦麦,2,438,131,916,2,0,219,66,458,438,131,916,0,0,0
上汽MAXUS,2,288,454,3850,0,2,144,227,1925,0,0,0,288,454,3850
ygf-清墨的崽崽Y,2,946,143,1038,2,0,473,72,519,946,143,1038,0,0,0
浪里赤条小粗林,2,284,416,8510,1,1,142,208,4255,220,261,7345,64,155,1165
一罐寡言,2,967,720,7443,2,0,484,360,3722,967,720,7443,0,0,0
图灵听风者,2,337,45,758,2,0,169,23,379,337,45,758,0,0,0
周知惟,2,80,277,2096,2,0,40,139,1048,80,277,2096,0,0,0
娱小圈,2,485,333,5919,2,0,243,167,2960,485,333,5919,0,0,0
搞笑机能,2,487,838,8897,0,2,244,419,4449,0,0,0,487,838,8897
关晓彤全球后援会,2,89,127,809,2,0,45,64,405,89,127,809,0,0,0
徐苗Xm,2,3444,1928,12881,2,0,1722,964,6441,3444,1928,12881,0,0,0
最快头条,2,208,701,4406,1,1,104,351,2203,65,148,542,143,553,3864
新浪厦门,2,13,30,1752,1,1,7,15,876,6,3,1381,7,27,371
新浪娱乐,2,183,690,53810,1,1,92,345,26905,95,252,3016,88,438,50794
热门表哥,2,5635,2941,19472,1,1,2818,1471,9736,5132,1227,12811,503,1714,6661
Epoch-of-Belief,2,1068,106,929,1,1,534,53,465,167,17,286,901,89,643
CallYouMine0116·管栎,2,1145,482,1887,1,1,573,241,944,589,257,1109,556,225,778
王义桅,2,346,203,2361,1,1,173,102,1181,331,192,2240,15,11,121
深圳大学,2,1272,647,921,2,0,636,324,461,1272,647,921,0,0,0
园姐,2,134,282,581,2,0,67,141,291,134,282,581,0,0,0
重庆发布,2,8717,5430,4746,2,0,4359,2715,2373,8717,5430,4746,0,0,0
爆笑三叔,2,672,1470,18832,0,2,336,735,9416,0,0,0,672,1470,18832
行走的刘易,2,100,340,1984,1,1,50,170,992,39,18,68,61,322,1916
瑞丽网,2,3214,611,9422,2,0,1607,306,4711,3214,611,9422,0,0,0
私服街拍,2,462,496,2646,2,0,231,248,1323,462,496,2646,0,0,0
StreetsFinest,2,465,396,2353,2,0,233,198,1177,465,396,2353,0,0,0
浅色夏沫歆,2,175,1219,308,2,0,88,610,154,175,1219,308,0,0,0
创鹅每日爆料,2,270,358,33803,2,0,135,179,16902,270,358,33803,0,0,0
搞笑笑话榜,2,92,310,2293,0,2,46,155,1147,0,0,0,92,310,2293
inke映客,2,209568,4829,5093,2,0,104784,2415,2547,209568,4829,5093,0,0,0
老殁,2,748,1130,12196,0,2,374,565,6098,0,0,0,748,1130,12196
安兔兔,2,358,4555,34413,0,2,179,2278,17207,0,0,0,358,4555,34413
段子楼,2,467,356,1559,1,1,234,178,780,72,140,808,395,216,751
互联网三爷说,2,638,1932,46707,2,0,319,966,23354,638,1932,46707,0,0,0
ING直播,2,1477,14651,135003,1,1,739,7326,67502,1020,6529,80698,457,8122,54305
萝卜报告,2,26,195,12389,1,1,13,98,6195,15,99,7571,11,96,4818
数码天才,2,373,687,1156,2,0,187,344,578,373,687,1156,0,0,0
万茜,2,1858,2468,34747,2,0,929,1234,17374,1858,2468,34747,0,0,0
科技杰克,2,531,473,4424,1,1,266,237,2212,524,397,2217,7,76,2207
恋一朵小猫,2,22,8,639,2,0,11,4,320,22,8,639,0,0,0
搞笑二娘,2,2089,4373,61846,2,0,1045,2187,30923,2089,4373,61846,0,0,0
冷知识bot,2,1228,2151,25319,2,0,614,1076,12660,1228,2151,25319,0,0,0
Freshxxxx,2,1106,339,3066,2,0,553,170,1533,1106,339,3066,0,0,0
邓见超marc,2,203,624,2966,2,0,102,312,1483,203,624,2966,0,0,0
司马3忌,2,718,1194,4592,0,2,359,597,2296,0,0,0,718,1194,4592
B总大都督,2,157,596,3657,2,0,79,298,1829,157,596,3657,0,0,0
笑帅了,2,20,223,3010,0,2,10,112,1505,0,0,0,20,223,3010
许沃若呀,2,51,113,389,2,0,26,57,195,51,113,389,0,0,0
金主哥,2,446,5439,379162,1,1,223,2720,189581,50,40,3920,396,5399,375242
蜻蜓队长,2,157,256,680,0,2,79,128,340,0,0,0,157,256,680
燃新闻,2,178,141,1078,0,2,89,71,539,0,0,0,178,141,1078
科技C先生,2,41,113,3277,0,2,21,57,1639,0,0,0,41,113,3277
机氪,2,78,542,2892,1,1,39,271,1446,43,289,1834,35,253,1058
新世相,2,366,716,1957,2,0,183,358,979,366,716,1957,0,0,0
格调Moment9,2,132,246,733,2,0,66,123,367,132,246,733,0,0,0
记者陈青青,2,339,385,3122,1,1,170,193,1561,183,81,1140,156,304,1982
广西政法,2,23,73,14166,2,0,12,37,7083,23,73,14166,0,0,0
纪懵懵,2,789,792,2271,2,0,395,396,1136,789,792,2271,0,0,0
百度输入法,2,1153,630,2644,1,1,577,315,1322,472,224,416,681,406,2228
东吴彩虹糖,2,625,500,1315,2,0,313,250,658,625,500,1315,0,0,0
Jo陳帥,2,47,454,941,1,1,24,227,471,42,228,553,5,226,388
影视吐槽君,2,343,60,985,0,2,172,30,493,0,0,0,343,60,985
杨凯雯rr,2,7732,11606,133744,2,0,3866,5803,66872,7732,11606,133744,0,0,0
月风_投资笔记,2,216,230,773,0,2,108,115,387,0,0,0,216,230,773
职场情报菊,2,2663,2427,21506,0,2,1332,1214,10753,0,0,0,2663,2427,21506
谭湘君Jjun,2,2390,2545,9398,2,0,1195,1273,4699,2390,2545,9398,0,0,0
小柒会成为更好的自己,2,194,137,652,2,0,97,69,326,194,137,652,0,0,0
烈枫,2,27,227,3656,1,1,14,114,1828,21,151,450,6,76,3206
Ivansidorenko,2,73,118,506,2,0,37,59,253,73,118,506,0,0,0
赵宇豪Steven,2,1484,4294,13937,2,0,742,2147,6969,1484,4294,13937,0,0,0
我的旅行小马甲,2,345,734,2514,2,0,173,367,1257,345,734,2514,0,0,0
做个东西,2,3220,2493,12131,2,0,1610,1247,6066,3220,2493,12131,0,0,0
沫薇Alysa,2,15,135,463,2,0,8,68,232,15,135,463,0,0,0
香港自由行加加,2,142,504,3148,1,1,71,252,1574,118,398,2465,24,106,683
杨牧宸,2,176,958,3937,1,1,88,479,1969,81,470,861,95,488,3076
一碗糊萝卜,2,821,300,1914,1,1,411,150,957,358,120,453,463,180,1461
盐奶妹妹,2,2699,818,4749,2,0,1350,409,2375,2699,818,4749,0,0,0
笑趴了,2,51,62,343,0,2,26,31,172,0,0,0,51,62,343
拾肆號吸烊选手,2,2209,179,4083,2,0,1105,90,2042,2209,179,4083,0,0,0
李大锤同学,2,552,521,1322,2,0,276,261,661,552,521,1322,0,0,0
满满Cyim,2,555,1966,4986,2,0,278,983,2493,555,1966,4986,0,0,0
笑笑同学啊_,2,106,2433,2932,2,0,53,1217,1466,106,2433,2932,0,0,0
数码IT迷,2,128,369,665,2,0,64,185,333,128,369,665,0,0,0
肖战数据站,2,610,911,3273,2,0,305,456,1637,610,911,3273,0,0,0
科技小乙,2,26,107,1786,1,1,13,54,893,6,28,1370,20,79,416
studiosix,2,45910,2191,12784,2,0,22955,1096,6392,45910,2191,12784,0,0,0
勇气数码君,2,3680,731,4029,2,0,1840,366,2015,3680,731,4029,0,0,0
子午侠士,2,845,2380,13405,0,2,423,1190,6703,0,0,0,845,2380,13405
来点石锤,2,22157,670,2616,0,2,11079,335,1308,0,0,0,22157,670,2616
2楼哎呦喂多多,2,18,252,1293,2,0,9,126,647,18,252,1293,0,0,0
速报哥,2,196,1484,6095,1,1,98,742,3048,74,905,3733,122,579,2362
迷失的豆包Baby,2,10900,12067,16471,2,0,5450,6034,8236,10900,12067,16471,0,0,0
科技商说,2,98,862,3196,1,1,49,431,1598,59,484,2375,39,378,821
F伯爵,2,104,48,102,2,0,52,24,51,104,48,102,0,0,0
中国国家地理,2,399,201,1552,2,0,200,101,776,399,201,1552,0,0,0
nG家的猫,2,3756,12154,35730,2,0,1878,6077,17865,3756,12154,35730,0,0,0
屠龙的胭脂井,2,564,1157,6084,0,2,282,579,3042,0,0,0,564,1157,6084
我被帅哥绑架了_,1,76,41,439,0,1,76,41,439,0,0,0,76,41,439
Cherry-O-Cherry,1,30,30,213,1,0,30,30,213,30,30,213,0,0,0
笑多了会怀孕,1,91,32,322,1,0,91,32,322,91,32,322,0,0,0
青扑落,1,15,5,112,1,0,15,5,112,15,5,112,0,0,0
永春茶馆,1,26,54,511,1,0,26,54,511,26,54,511,0,0,0
岐崽的承澈,1,22,323,221,0,1,22,323,221,0,0,0,22,323,221
汉哥归来,1,13,42,121,1,0,13,42,121,13,42,121,0,0,0
爱问医生科普,1,240,201,1109,1,0,240,201,1109,240,201,1109,0,0,0
手机的壁纸图,1,81,26,466,1,0,81,26,466,81,26,466,0,0,0
千般心事悠悠,1,16,21,313,1,0,16,21,313,16,21,313,0,0,0
法制日报,1,25,13,86,1,0,25,13,86,25,13,86,0,0,0
半岛都市报,1,9,3,36,1,0,9,3,36,9,3,36,0,0,0
品师说,1,33,9,31,0,1,33,9,31,0,0,0,33,9,31
网路游侠,1,44,48,11,0,1,44,48,11,0,0,0,44,48,11
云闪付,1,228,330,420,1,0,228,330,420,228,330,420,0,0,0
影视圈达人,1,1051,1042,1127,1,0,1051,1042,1127,1051,1042,1127,0,0,0
中国银联,1,34,58,109,1,0,34,58,109,34,58,109,0,0,0
达人,1,24,12,49,1,0,24,12,49,24,12,49,0,0,0
深圳卫视,1,4373,2803,2360,1,0,4373,2803,2360,4373,2803,2360,0,0,0
吃瓜不可错过,1,126,49,279,0,1,126,49,279,0,0,0,126,49,279
六桥温格,1,55,4,292,1,0,55,4,292,55,4,292,0,0,0
最高人民检察院,1,113,18,49,1,0,113,18,49,113,18,49,0,0,0
BA黑凤梨电子竞技俱乐部,1,2259,2368,2069,1,0,2259,2368,2069,2259,2368,2069,0,0,0
赵脱俗,1,46,16,66,1,0,46,16,66,46,16,66,0,0,0
苏宁手机,1,6661,3731,2489,1,0,6661,3731,2489,6661,3731,2489,0,0,0
掌阅读书,1,6705,5497,4647,1,0,6705,5497,4647,6705,5497,4647,0,0,0
中国电信营业厅官微,1,3310,2116,1134,1,0,3310,2116,1134,3310,2116,1134,0,0,0
UI资源库,1,121,1,89,1,0,121,1,89,121,1,89,0,0,0
智能科技,1,20,128,252,1,0,20,128,252,20,128,252,0,0,0
Himalaya_带斑点的喵,1,47,16,119,1,0,47,16,119,47,16,119,0,0,0
心外無物CV,1,1182,152,958,0,1,1182,152,958,0,0,0,1182,152,958
思想夜话,1,659,591,2750,1,0,659,591,2750,659,591,2750,0,0,0
陳淨心_香港,1,110,280,2695,1,0,110,280,2695,110,280,2695,0,0,0
工作在英国,1,659,215,882,0,1,659,215,882,0,0,0,659,215,882
书房点兵,1,337,201,609,0,1,337,201,609,0,0,0,337,201,609
三亚事儿,1,430,898,3134,1,0,430,898,3134,430,898,3134,0,0,0
胖子海蘭,1,265,587,3373,1,0,265,587,3373,265,587,3373,0,0,0
机智大夫,1,977,542,3195,1,0,977,542,3195,977,542,3195,0,0,0
莆田广播电视台,1,1387,268,4883,0,1,1387,268,4883,0,0,0,1387,268,4883
辣叶摧秋,1,569,1206,4116,0,1,569,1206,4116,0,0,0,569,1206,4116
超级学爸,1,1460,552,3009,0,1,1460,552,3009,0,0,0,1460,552,3009
指尖上的会计,1,2680,1201,16474,0,1,2680,1201,16474,0,0,0,2680,1201,16474
时尚先生Esquire,1,19478,835,6432,1,0,19478,835,6432,19478,835,6432,0,0,0
大河南阳,1,960,297,3479,0,1,960,297,3479,0,0,0,960,297,3479
AC饶谨,1,26,19,655,0,1,26,19,655,0,0,0,26,19,655
-阿亮学长-,1,135,63,291,1,0,135,63,291,135,63,291,0,0,0
李晓鹏1982,1,4062,4453,68456,0,1,4062,4453,68456,0,0,0,4062,4453,68456
杰森斯坦森印,1,203,360,2681,0,1,203,360,2681,0,0,0,203,360,2681
我是你的甜甜啊,1,149,674,1219,1,0,149,674,1219,149,674,1219,0,0,0
猎王Tech,1,18,73,556,0,1,18,73,556,0,0,0,18,73,556
高晓松,1,1819,2980,36625,1,0,1819,2980,36625,1819,2980,36625,0,0,0
原图喵bot,1,6897,6109,7670,1,0,6897,6109,7670,6897,6109,7670,0,0,0
萨村小推,1,108,197,919,1,0,108,197,919,108,197,919,0,0,0
脊梁in上海-印济良,1,136,110,554,1,0,136,110,554,136,110,554,0,0,0
转运大狮,1,891,1063,320,1,0,891,1063,320,891,1063,320,0,0,0
梅西_LionelMessi,1,669,722,6786,1,0,669,722,6786,669,722,6786,0,0,0
谁是谁非任评说,1,4137,52,161,1,0,4137,52,161,4137,52,161,0,0,0
冬烊儿,1,1706,279,1544,1,0,1706,279,1544,1706,279,1544,0,0,0
张五常,1,765,482,1001,0,1,765,482,1001,0,0,0,765,482,1001
热门新闻头条,1,6424,362,747,1,0,6424,362,747,6424,362,747,0,0,0
微课堂,1,75,7,105,1,0,75,7,105,75,7,105,0,0,0
平安北京,1,119,149,96,1,0,119,149,96,119,149,96,0,0,0
eprom,1,52,30,33,0,1,52,30,33,0,0,0,52,30,33
头榜头条,1,782,341,790,1,0,782,341,790,782,341,790,0,0,0
MadameFigaro中文版,1,12983,274,1616,1,0,12983,274,1616,12983,274,1616,0,0,0
芭莎能量,1,7079,204,1125,1,0,7079,204,1125,7079,204,1125,0,0,0
B1128资源合集站_易烊千玺,1,1378,252,865,1,0,1378,252,865,1378,252,865,0,0,0
千玺大佬的美鹤Jacky,1,1776,240,1473,1,0,1776,240,1473,1776,240,1473,0,0,0
if视频,1,8293,1057,5179,1,0,8293,1057,5179,8293,1057,5179,0,0,0
精品购物指南,1,8337,150,954,1,0,8337,150,954,8337,150,954,0,0,0
仗义疏财小象君,1,90,5,2349,1,0,90,5,2349,90,5,2349,0,0,0
搞笑星仔,1,129,414,2066,1,0,129,414,2066,129,414,2066,0,0,0
每日内涵趣事,1,233,585,1619,0,1,233,585,1619,0,0,0,233,585,1619
黄毅清,1,175,744,1354,0,1,175,744,1354,0,0,0,175,744,1354
汇荆州,1,136,104,433,1,0,136,104,433,136,104,433,0,0,0
KuHe_,1,112,121,350,1,0,112,121,350,112,121,350,0,0,0
RNG一笑,1,60,335,802,0,1,60,335,802,0,0,0,60,335,802
Circle帥帥帥,1,35,340,123,0,1,35,340,123,0,0,0,35,340,123
兔主席,1,432,81,393,1,0,432,81,393,432,81,393,0,0,0
梭哈老头李,1,119,52,306,1,0,119,52,306,119,52,306,0,0,0
易烊千玺麻麻团,1,313,37,422,1,0,313,37,422,313,37,422,0,0,0
张晨初艺术空间,1,246,716,156,1,0,246,716,156,246,716,156,0,0,0
妮妮可毒舌,1,193,43,814,1,0,193,43,814,193,43,814,0,0,0
易米烊光的距离,1,24,108,247,1,0,24,108,247,24,108,247,0,0,0
apple爱自己,1,52,355,876,1,0,52,355,876,52,355,876,0,0,0
圈内壹姐,1,1101,1239,1827,1,0,1101,1239,1827,1101,1239,1827,0,0,0
龚凯杰,1,172,55,411,0,1,172,55,411,0,0,0,172,55,411
北京日报,1,51,28,224,1,0,51,28,224,51,28,224,0,0,0
洛画上骨,1,12,54,234,1,0,12,54,234,12,54,234,0,0,0
微博股票点评团,1,61,19,20,1,0,61,19,20,61,19,20,0,0,0
红星竹雨,1,20,13,83,1,0,20,13,83,20,13,83,0,0,0
微观新乡,1,78,80,13,1,0,78,80,13,78,80,13,0,0,0
爱情大咖,1,89,12,72,1,0,89,12,72,89,12,72,0,0,0
刀兄,1,104,15,60,1,0,104,15,60,104,15,60,0,0,0
季和之语,1,90,30,119,0,1,90,30,119,0,0,0,90,30,119
是囡妈啊,1,21,38,242,1,0,21,38,242,21,38,242,0,0,0
硬哥,1,457,931,402,0,1,457,931,402,0,0,0,457,931,402
魏大勋后援会,1,13,65,141,1,0,13,65,141,13,65,141,0,0,0
艺术无解无界,1,66,25,158,1,0,66,25,158,66,25,158,0,0,0
魏大勋,1,82074,28388,109733,1,0,82074,28388,109733,82074,28388,109733,0,0,0
Absolute0412_大發無限,1,106,79,416,1,0,106,79,416,106,79,416,0,0,0
华帝幸福厨房,1,42338,11573,10164,1,0,42338,11573,10164,42338,11573,10164,0,0,0
搞笑年度排行榜,1,45,39,534,1,0,45,39,534,45,39,534,0,0,0
闽与南,1,35,26,344,1,0,35,26,344,35,26,344,0,0,0
铜陵夜话,1,9,14,218,1,0,9,14,218,9,14,218,0,0,0
#NAME?,1,1732,245,1648,0,1,1732,245,1648,0,0,0,1732,245,1648
甜橙奶希,1,59,26,277,1,0,59,26,277,59,26,277,0,0,0
_茵茵桑_,1,59,11,80,1,0,59,11,80,59,11,80,0,0,0
小冰,1,74,584,550,1,0,74,584,550,74,584,550,0,0,0
艾艾贴,1,64838,4457,3058,1,0,64838,4457,3058,64838,4457,3058,0,0,0
卤鹅干锅鹅_向天歌,1,76,799,4702,1,0,76,799,4702,76,799,4702,0,0,0
宋轶工作室,1,40,39,428,1,0,40,39,428,40,39,428,0,0,0
灰爸遛遛遛,1,173,204,556,1,0,173,204,556,173,204,556,0,0,0
主持人祝嘉伟,1,31,83,183,1,0,31,83,183,31,83,183,0,0,0
小刚在大理,1,576,1080,5525,1,0,576,1080,5525,576,1080,5525,0,0,0
袁炫华,1,162,254,1123,0,1,162,254,1123,0,0,0,162,254,1123
果壳,1,336,518,409,1,0,336,518,409,336,518,409,0,0,0
彭大石,1,22,1,134,1,0,22,1,134,22,1,134,0,0,0
我的名字是阿哲,1,1037,7225,7855,0,1,1037,7225,7855,0,0,0,1037,7225,7855
男人装,1,507,209,552,1,0,507,209,552,507,209,552,0,0,0
飞碟说,1,3568,519,1003,1,0,3568,519,1003,3568,519,1003,0,0,0
摩尔金融,1,93,823,842,0,1,93,823,842,0,0,0,93,823,842
厦门美食,1,35,39,245,1,0,35,39,245,35,39,245,0,0,0
深万林,1,191,103,116,1,0,191,103,116,191,103,116,0,0,0
李题,1,2975,2183,1387,1,0,2975,2183,1387,2975,2183,1387,0,0,0
哈尔滨指南,1,83,194,168,1,0,83,194,168,83,194,168,0,0,0
袁俊川Aska大魁,1,6152,3393,7219,1,0,6152,3393,7219,6152,3393,7219,0,0,0
石家庄发布,1,93,151,165,1,0,93,151,165,93,151,165,0,0,0
飒飒肖,1,56,490,1287,1,0,56,490,1287,56,490,1287,0,0,0
55玉兔,1,490,106,14,1,0,490,106,14,490,106,14,0,0,0
合肥融创文旅城,1,13,43,151,1,0,13,43,151,13,43,151,0,0,0
辽阔草原锡林郭勒,1,202,47,102,1,0,202,47,102,202,47,102,0,0,0
泡芙好好吃啊啊,1,58,198,170,0,1,58,198,170,0,0,0,58,198,170
aki猫咪,1,4283,4551,11873,1,0,4283,4551,11873,4283,4551,11873,0,0,0
经典经济学,1,66,2,56,0,1,66,2,56,0,0,0,66,2,56
张奶霞,1,2549,1029,2386,0,1,2549,1029,2386,0,0,0,2549,1029,2386
人民正能量,1,34,26,125,0,1,34,26,125,0,0,0,34,26,125
辜什么锦,1,683,611,935,1,0,683,611,935,683,611,935,0,0,0
中国正能量,1,18,8,110,0,1,18,8,110,0,0,0,18,8,110
赵先德,1,20,14,39,1,0,20,14,39,20,14,39,0,0,0
巷内,1,17,23,50,1,0,17,23,50,17,23,50,0,0,0
馬曼然,1,28,18,79,0,1,28,18,79,0,0,0,28,18,79
EXO喷泉站,1,9,64,202,0,1,9,64,202,0,0,0,9,64,202
陈瀚Siri,1,13,47,204,0,1,13,47,204,0,0,0,13,47,204
梁瑞安,1,218,1319,3620,1,0,218,1319,3620,218,1319,3620,0,0,0
汪梦云,1,1053,1035,1001,1,0,1053,1035,1001,1053,1035,1001,0,0,0
管鑫Sam,1,144,175,257,0,1,144,175,257,0,0,0,144,175,257
铲屎官投稿社,1,680,433,609,0,1,680,433,609,0,0,0,680,433,609
一只小酸橘子,1,5,7,186,0,1,5,7,186,0,0,0,5,7,186
圈内星探,1,761,631,508,1,0,761,631,508,761,631,508,0,0,0
深圳身边事,1,346,1188,934,0,1,346,1188,934,0,0,0,346,1188,934
渔熊FIRST,1,114,69,112,1,0,114,69,112,114,69,112,0,0,0
栽培甜意,1,232,21,90,1,0,232,21,90,232,21,90,0,0,0
周黑鸭官方微博,1,8803,9602,5051,1,0,8803,9602,5051,8803,9602,5051,0,0,0
好事总会发生在下个转弯儿,1,98,229,333,1,0,98,229,333,98,229,333,0,0,0
快手扒皮,1,5,2132,809,1,0,5,2132,809,5,2132,809,0,0,0
艺术作品集情报局,1,11,8,63,1,0,11,8,63,11,8,63,0,0,0
龙星镖局,1,92,55,556,0,1,92,55,556,0,0,0,92,55,556
网红大八卦,1,5,177,508,1,0,5,177,508,5,177,508,0,0,0
伟哥八卦,1,4,112,234,1,0,4,112,234,4,112,234,0,0,0
小猪男孩,1,8,2,70,1,0,8,2,70,8,2,70,0,0,0
科学探索,1,612,867,12091,1,0,612,867,12091,612,867,12091,0,0,0
轩辕微助理-T,1,119,33,479,1,0,119,33,479,119,33,479,0,0,0
李义雄中文首站_EuiwoongBarCN,1,30,4,70,1,0,30,4,70,30,4,70,0,0,0
DT财经,1,38,5,47,1,0,38,5,47,38,5,47,0,0,0
孙昌旭,1,29,103,107,1,0,29,103,107,29,103,107,0,0,0
葳蕤raygq,1,388,207,453,1,0,388,207,453,388,207,453,0,0,0
Songbirdineasternsky,1,10,57,110,1,0,10,57,110,10,57,110,0,0,0
贵阳校园,1,27,20,164,1,0,27,20,164,27,20,164,0,0,0
作家王湛,1,474,472,337,0,1,474,472,337,0,0,0,474,472,337
新浪山东头条,1,9,1,51,0,1,9,1,51,0,0,0,9,1,51
雨后蘑菇,1,87,51,42,0,1,87,51,42,0,0,0,87,51,42
莉娜丫头,1,1525,1536,2405,1,0,1525,1536,2405,1525,1536,2405,0,0,0
鲨鱼电影,1,217,809,2239,0,1,217,809,2239,0,0,0,217,809,2239
乐读好书,1,1504,99,207,0,1,1504,99,207,0,0,0,1504,99,207
迷你厨房头条,1,89,131,313,0,1,89,131,313,0,0,0,89,131,313
ClouinKim,1,11,17,54,1,0,11,17,54,11,17,54,0,0,0
北极海豹王,1,26,70,52,0,1,26,70,52,0,0,0,26,70,52
给楼下小啵买狗粮,1,8,112,306,1,0,8,112,306,8,112,306,0,0,0
平凡之路sakura,1,36,23,236,0,1,36,23,236,0,0,0,36,23,236
上海交通大学,1,181,23,94,1,0,181,23,94,181,23,94,0,0,0
青蛇先生,1,362,111,132,1,0,362,111,132,362,111,132,0,0,0
Nicole的生活书,1,384,145,377,1,0,384,145,377,384,145,377,0,0,0
读书派,1,641,50,33,1,0,641,50,33,641,50,33,0,0,0
余潇潇Jessica,1,13,179,492,1,0,13,179,492,13,179,492,0,0,0
财新周刊,1,114,108,27,0,1,114,108,27,0,0,0,114,108,27
公益人王磊,1,707,1104,6662,1,0,707,1104,6662,707,1104,6662,0,0,0
韩载修,1,412,319,977,1,0,412,319,977,412,319,977,0,0,0
组织二号头目,1,218,142,511,0,1,218,142,511,0,0,0,218,142,511
鱼猫情话,1,1742,1324,2115,1,0,1742,1324,2115,1742,1324,2115,0,0,0
杨文战律师,1,18,80,280,1,0,18,80,280,18,80,280,0,0,0
人比黄瓜胖Ivy,1,1408,233,299,1,0,1408,233,299,1408,233,299,0,0,0
外贸人Chris,1,241,106,213,1,0,241,106,213,241,106,213,0,0,0
潮州突发,1,227,60,433,0,1,227,60,433,0,0,0,227,60,433
创业最前线,1,116,35,118,0,1,116,35,118,0,0,0,116,35,118
美国驻华大使馆,1,237,1049,574,1,0,237,1049,574,237,1049,574,0,0,0
视知TV,1,194,55,192,0,1,194,55,192,0,0,0,194,55,192
生抽xi,1,284,37,291,0,1,284,37,291,0,0,0,284,37,291
锅盖wer,1,3,57,546,1,0,3,57,546,3,57,546,0,0,0
engadgetChina,1,67,51,68,0,1,67,51,68,0,0,0,67,51,68
二叉树视频,1,81,25,61,1,0,81,25,61,81,25,61,0,0,0
刘群MT-to-Death,1,70,43,53,0,1,70,43,53,0,0,0,70,43,53
陈怡然-杜克大学,1,129,42,83,1,0,129,42,83,129,42,83,0,0,0
海离薇,1,95,4,5,1,0,95,4,5,95,4,5,0,0,0
胡舒立,1,7,17,27,1,0,7,17,27,7,17,27,0,0,0
淡定水月无声,1,43,29,181,1,0,43,29,181,43,29,181,0,0,0
港股通AiH,1,26,8,33,1,0,26,8,33,26,8,33,0,0,0
365-厦门大雨,1,19,5,25,1,0,19,5,25,19,5,25,0,0,0
余生所爱N,1,12,101,325,0,1,12,101,325,0,0,0,12,101,325
nyouyou,1,33,175,1123,1,0,33,175,1123,33,175,1123,0,0,0
小雨小雨小雨_N,1,12,337,468,1,0,12,337,468,12,337,468,0,0,0
古月中心相心,1,32,198,185,1,0,32,198,185,32,198,185,0,0,0
二碗甜鸦mer,1,54,59,146,1,0,54,59,146,54,59,146,0,0,0
圈内大神,1,635,217,829,1,0,635,217,829,635,217,829,0,0,0
血色军刀999,1,127,80,198,1,0,127,80,198,127,80,198,0,0,0
啵叽一口小甜饼,1,397,495,613,1,0,397,495,613,397,495,613,0,0,0
骆驼娱乐,1,1082,1169,1379,1,0,1082,1169,1379,1082,1169,1379,0,0,0
郭姐哒,1,798,1638,2697,1,0,798,1638,2697,798,1638,2697,0,0,0
Alinda艾琳达,1,46,635,5662,1,0,46,635,5662,46,635,5662,0,0,0
石家庄的事儿,1,580,363,161,1,0,580,363,161,580,363,161,0,0,0
倪飞,1,160,367,628,1,0,160,367,628,160,367,628,0,0,0
陈海滢,1,427,167,607,1,0,427,167,607,427,167,607,0,0,0
草莓起司糖,1,68,481,51,1,0,68,481,51,68,481,51,0,0,0
_妈妈咪啊,1,115,13,549,1,0,115,13,549,115,13,549,0,0,0
郭俊峰V,1,94,14,35,0,1,94,14,35,0,0,0,94,14,35
金刀王,1,232,1111,1620,1,0,232,1111,1620,232,1111,1620,0,0,0
刘煜辉lyhfhtx,1,111,26,130,1,0,111,26,130,111,26,130,0,0,0
养烊专业户,1,28,17,140,1,0,28,17,140,28,17,140,0,0,0
_4444x_nan_,1,17,134,156,1,0,17,134,156,17,134,156,0,0,0
宋晓军,1,42,20,85,0,1,42,20,85,0,0,0,42,20,85
陆天明,1,135,77,137,0,1,135,77,137,0,0,0,135,77,137
猪小屁,1,30,37,168,1,0,30,37,168,30,37,168,0,0,0
鑫谦,1,17,25,307,1,0,17,25,307,17,25,307,0,0,0
慕容嗷嗷,1,10,62,69,1,0,10,62,69,10,62,69,0,0,0
天才讲真,1,13,17,130,0,1,13,17,130,0,0,0,13,17,130
柚子木字幕组,1,43,28,109,0,1,43,28,109,0,0,0,43,28,109
京东电脑数码,1,263,149,346,1,0,263,149,346,263,149,346,0,0,0
抽着铂德去远方,1,32,86,213,1,0,32,86,213,32,86,213,0,0,0
王者荣耀小浪浪Mars,1,1466,2476,2805,1,0,1466,2476,2805,1466,2476,2805,0,0,0
明星搞笑榜,1,721,561,6241,0,1,721,561,6241,0,0,0,721,561,6241
KristianKostovBar,1,139,78,725,1,0,139,78,725,139,78,725,0,0,0
KristianKostov音乐站,1,54,9,337,1,0,54,9,337,54,9,337,0,0,0
Lami_Yi,1,4,105,530,1,0,4,105,530,4,105,530,0,0,0
咪咕阅读,1,162,8,19,1,0,162,8,19,162,8,19,0,0,0
KristianKostovChina,1,21,32,271,1,0,21,32,271,21,32,271,0,0,0
tinyfool,1,2165,153,1304,0,1,2165,153,1304,0,0,0,2165,153,1304
一个不会再更新的号,1,84,40,123,1,0,84,40,123,84,40,123,0,0,0
TonyCheng777,1,35,48,15,1,0,35,48,15,35,48,15,0,0,0
德国艺术,1,27,10,57,1,0,27,10,57,27,10,57,0,0,0
巫启贤,1,14,129,676,0,1,14,129,676,0,0,0,14,129,676
brainnews脑科学新闻,1,32,2,35,1,0,32,2,35,32,2,35,0,0,0
小议国事,1,54,25,51,1,0,54,25,51,54,25,51,0,0,0
辣条源叔,1,3033,3288,1642,1,0,3033,3288,1642,3033,3288,1642,0,0,0
别怕我们有防护门,1,164,39,517,1,0,164,39,517,164,39,517,0,0,0
毅马当闲,1,345,432,272,1,0,345,432,272,345,432,272,0,0,0
决战平安京,1,31,1285,950,1,0,31,1285,950,31,1285,950,0,0,0
耗这口,1,542,260,635,1,0,542,260,635,542,260,635,0,0,0
何时成婴,1,25,37,81,1,0,25,37,81,25,37,81,0,0,0
鸽海成路,1,6,196,391,0,1,6,196,391,0,0,0,6,196,391
小阿走,1,253,212,2204,0,1,253,212,2204,0,0,0,253,212,2204
小野你还在寻找什么,1,53,12,158,1,0,53,12,158,53,12,158,0,0,0
lss215,1,5,92,131,1,0,5,92,131,5,92,131,0,0,0
泰国广告,1,19,4,53,0,1,19,4,53,0,0,0,19,4,53
神州法律,1,73,6,22,0,1,73,6,22,0,0,0,73,6,22
趣味无限大集合,1,5,5,63,0,1,5,5,63,0,0,0,5,5,63
翘屁嫩瓜瓜,1,59,27,25,0,1,59,27,25,0,0,0,59,27,25
爆笑搞事菌,1,35,96,199,0,1,35,96,199,0,0,0,35,96,199
Kevin王的日记本,1,13,155,192,0,1,13,155,192,0,0,0,13,155,192
大咖身边人,1,32,7,27,1,0,32,7,27,32,7,27,0,0,0
于晓华_经济,1,18,27,69,0,1,18,27,69,0,0,0,18,27,69
搞笑视频坊,1,13,7,123,1,0,13,7,123,13,7,123,0,0,0
丁子户凡珏,1,20,16,73,1,0,20,16,73,20,16,73,0,0,0
深圳特区报,1,14,12,37,1,0,14,12,37,14,12,37,0,0,0
趣评测詹志斌,1,6,232,87,1,0,6,232,87,6,232,87,0,0,0
桂哥猎手VIP777,1,885,58,260,1,0,885,58,260,885,58,260,0,0,0
蔡尹珊珊,1,40,302,106,0,1,40,302,106,0,0,0,40,302,106
零下三十一度·,1,33,133,129,1,0,33,133,129,33,133,129,0,0,0
深圳公安,1,22,66,63,1,0,22,66,63,22,66,63,0,0,0
果仁儿科技,1,3,90,63,1,0,3,90,63,3,90,63,0,0,0
神勇小白兎,1,4,12,40,0,1,4,12,40,0,0,0,4,12,40
飞龙中医,1,101,1,32,1,0,101,1,32,101,1,32,0,0,0
Wind资讯,1,8,0,45,1,0,8,0,45,8,0,45,0,0,0
RosyEgg-,1,72,6,178,0,1,72,6,178,0,0,0,72,6,178
TVB剧透社,1,49,38,112,0,1,49,38,112,0,0,0,49,38,112
南江何佳,1,20,7,144,0,1,20,7,144,0,0,0,20,7,144
宋鸿兵,1,7,60,136,0,1,7,60,136,0,0,0,7,60,136
修行的围脖,1,15,8,28,1,0,15,8,28,15,8,28,0,0,0
猫头鹰快艇,1,19,21,27,1,0,19,21,27,19,21,27,0,0,0
予烊丶,1,35,141,120,1,0,35,141,120,35,141,120,0,0,0
伢伢复盘,1,27,126,333,0,1,27,126,333,0,0,0,27,126,333
蔡正元,1,74,138,426,1,0,74,138,426,74,138,426,0,0,0
慕烊的小姑娘,1,28,9,85,1,0,28,9,85,28,9,85,0,0,0
泰国头条新闻,1,12,8,53,1,0,12,8,53,12,8,53,0,0,0
普外科曾医生,1,12,352,135,0,1,12,352,135,0,0,0,12,352,135
描坤,1,21,6,8,1,0,21,6,8,21,6,8,0,0,0
笑笑真情话,1,7,53,53,1,0,7,53,53,7,53,53,0,0,0
就是大璠儿a,1,20,53,89,1,0,20,53,89,20,53,89,0,0,0
有限次重复博弈,1,17,39,33,1,0,17,39,33,17,39,33,0,0,0
一雪,1,7,14,38,1,0,7,14,38,7,14,38,0,0,0
异周刊编辑部_王子异,1,719,603,1189,1,0,719,603,1189,719,603,1189,0,0,0
娱乐大魔王,1,891,812,1068,1,0,891,812,1068,891,812,1068,0,0,0
鷰飛-yi,1,405,477,752,1,0,405,477,752,405,477,752,0,0,0
央视网快看,1,8,15,55,1,0,8,15,55,8,15,55,0,0,0
房小旗,1,38,5,98,1,0,38,5,98,38,5,98,0,0,0
阿卜教授,1,40,45,102,1,0,40,45,102,40,45,102,0,0,0
圈神探,1,295,886,7772,0,1,295,886,7772,0,0,0,295,886,7772
怡个菇凉,1,56,68,240,0,1,56,68,240,0,0,0,56,68,240
神楽坂雅詩,1,596,259,75,0,1,596,259,75,0,0,0,596,259,75
机智的兵长,1,842,437,998,1,0,842,437,998,842,437,998,0,0,0
希望橘子足够甜,1,208,138,290,0,1,208,138,290,0,0,0,208,138,290
娱乐圈少女,1,1498,1199,1804,1,0,1498,1199,1804,1498,1199,1804,0,0,0
八鹅吃瓜菌,1,37,183,268,1,0,37,183,268,37,183,268,0,0,0
陈迪Winston,1,68,141,236,1,0,68,141,236,68,141,236,0,0,0
追星仙子,1,75,51,232,1,0,75,51,232,75,51,232,0,0,0
嗑瓜子每日专用,1,29,132,247,1,0,29,132,247,29,132,247,0,0,0
记者王冠,1,164,58,403,1,0,164,58,403,164,58,403,0,0,0
蘇恆-台灣,1,118,165,587,0,1,118,165,587,0,0,0,118,165,587
冰火燃点,1,26,234,603,0,1,26,234,603,0,0,0,26,234,603
江西反邪教,1,346,317,355,1,0,346,317,355,346,317,355,0,0,0
张无猫w,1,137,84,195,1,0,137,84,195,137,84,195,0,0,0
Issheyou,1,31,30,275,1,0,31,30,275,31,30,275,0,0,0
摄影之友,1,20,12,99,1,0,20,12,99,20,12,99,0,0,0
陶短房,1,225,105,207,0,1,225,105,207,0,0,0,225,105,207
匠库,1,73,53,191,1,0,73,53,191,73,53,191,0,0,0
九品搞笑,1,63,27,208,0,1,63,27,208,0,0,0,63,27,208
陈如是说,1,40,19,60,0,1,40,19,60,0,0,0,40,19,60
财经新媒体,1,68,28,47,0,1,68,28,47,0,0,0,68,28,47
神嘛事儿,1,145,83,272,0,1,145,83,272,0,0,0,145,83,272
想有个好儿子特兰克斯,1,83,8,50,1,0,83,8,50,83,8,50,0,0,0
新浪棋牌,1,13,17,27,1,0,13,17,27,13,17,27,0,0,0
妖盐货重,1,62,129,42,0,1,62,129,42,0,0,0,62,129,42
湾区大佬,1,684,1122,6574,1,0,684,1122,6574,684,1122,6574,0,0,0
李开宇-价量兵法,1,25,48,366,1,0,25,48,366,25,48,366,0,0,0
数码科技黑莓会,1,22,47,62,0,1,22,47,62,0,0,0,22,47,62
烊扬的晨兮兮_,1,23,422,1641,1,0,23,422,1641,23,422,1641,0,0,0
MJ车谈缪俊,1,91,374,564,1,0,91,374,564,91,374,564,0,0,0
宇飞-趋势投资,1,26,7,62,0,1,26,7,62,0,0,0,26,7,62
独家网,1,14,14,19,0,1,14,14,19,0,0,0,14,14,19
小狐仙仙,1,7,23,47,1,0,7,23,47,7,23,47,0,0,0
数懒小姐姐,1,11,120,293,1,0,11,120,293,11,120,293,0,0,0
央视体育,1,70,0,273,1,0,70,0,273,70,0,273,0,0,0
麦堂影业,1,985,1441,346,0,1,985,1441,346,0,0,0,985,1441,346
晚安污话,1,41,0,62,1,0,41,0,62,41,0,62,0,0,0
环球时报-英文版,1,23,7,84,1,0,23,7,84,23,7,84,0,0,0
OYO酒店,1,10334,2650,1975,1,0,10334,2650,1975,10334,2650,1975,0,0,0
briony_skyyyy,1,1082,185,1389,1,0,1082,185,1389,1082,185,1389,0,0,0
秦盖盖盖盖不上,1,40,6,20,0,1,40,6,20,0,0,0,40,6,20
开源AI,1,209,129,166,1,0,209,129,166,209,129,166,0,0,0
魔鬼管理学,1,77,3,78,0,1,77,3,78,0,0,0,77,3,78
老杳,1,159,316,57,0,1,159,316,57,0,0,0,159,316,57
KR冰团-IceArmy,1,21,15,73,0,1,21,15,73,0,0,0,21,15,73
令和最初的号,1,72,15,32,0,1,72,15,32,0,0,0,72,15,32
深圳淘房志,1,95,105,44,0,1,95,105,44,0,0,0,95,105,44
卢湾伯爵,1,18,114,54,1,0,18,114,54,18,114,54,0,0,0
邓学平律师,1,453,468,1362,0,1,453,468,1362,0,0,0,453,468,1362
巴卫家小仙女,1,48,455,79,1,0,48,455,79,48,455,79,0,0,0
67号喜羊羊,1,51,59,101,1,0,51,59,101,51,59,101,0,0,0
财富密钥,1,64,0,29,1,0,64,0,29,64,0,29,0,0,0
数码论,1,73,682,606,0,1,73,682,606,0,0,0,73,682,606
小晖xiaohui,1,18,301,361,1,0,18,301,361,18,301,361,0,0,0
马德里竞技新闻,1,34,50,220,1,0,34,50,220,34,50,220,0,0,0
BongHo棒呼,1,5,7,56,0,1,5,7,56,0,0,0,5,7,56
圈内鸡哥,1,65,205,864,0,1,65,205,864,0,0,0,65,205,864
百果园,1,3104,2789,1100,1,0,3104,2789,1100,3104,2789,1100,0,0,0
乐天凌,1,43,53,286,1,0,43,53,286,43,53,286,0,0,0
猎人瓦西里,1,104,98,238,1,0,104,98,238,104,98,238,0,0,0
吃斋的猫2011,1,10,48,174,1,0,10,48,174,10,48,174,0,0,0
英语学习精华,1,32,2,29,1,0,32,2,29,32,2,29,0,0,0
欧气集合酱,1,28,179,422,1,0,28,179,422,28,179,422,0,0,0
臭疍ル,1,15,17,139,1,0,15,17,139,15,17,139,0,0,0
易烊千玺福建粉丝团,1,266,51,369,1,0,266,51,369,266,51,369,0,0,0
海派小丸子OOO,1,117,29,14,1,0,117,29,14,117,29,14,0,0,0
Soomal音频影像,1,470,334,267,0,1,470,334,267,0,0,0,470,334,267
肆万·,1,340,320,58,1,0,340,320,58,340,320,58,0,0,0
疾风风之狼,1,13,71,106,1,0,13,71,106,13,71,106,0,0,0
陈宇极品投资,1,169,125,293,1,0,169,125,293,169,125,293,0,0,0
憨憨笑老弟,1,30,28,131,1,0,30,28,131,30,28,131,0,0,0
方流芳,1,158,31,82,0,1,158,31,82,0,0,0,158,31,82
水皮,1,42,34,179,1,0,42,34,179,42,34,179,0,0,0
新闻传播学研,1,21,13,83,1,0,21,13,83,21,13,83,0,0,0
八千里路雾生海,1,16,109,1168,0,1,16,109,1168,0,0,0,16,109,1168
gerrel,1,41,275,277,0,1,41,275,277,0,0,0,41,275,277
神得强Steven,1,555,1256,3597,0,1,555,1256,3597,0,0,0,555,1256,3597
Akira-ming,1,15,55,63,0,1,15,55,63,0,0,0,15,55,63
魔兽金刚芭比,1,23,170,503,1,0,23,170,503,23,170,503,0,0,0
小弋哥,1,48,388,356,0,1,48,388,356,0,0,0,48,388,356
微观大湾区,1,46,52,76,1,0,46,52,76,46,52,76,0,0,0
pedro5181,1,18,151,243,1,0,18,151,243,18,151,243,0,0,0
科技狼说,1,10,132,218,1,0,10,132,218,10,132,218,0,0,0
数码科技熊,1,134,14,124,0,1,134,14,124,0,0,0,134,14,124
社会化营销案例库,1,2718,823,3231,1,0,2718,823,3231,2718,823,3231,0,0,0
搞机侠客,1,96,331,145,0,1,96,331,145,0,0,0,96,331,145
冬瓜侠不是V,1,199,149,219,0,1,199,149,219,0,0,0,199,149,219
格桑小巫,1,314,444,137,0,1,314,444,137,0,0,0,314,444,137
搞笑涵姐,1,14,7,202,0,1,14,7,202,0,0,0,14,7,202
新浪爱问医生,1,29,21,101,1,0,29,21,101,29,21,101,0,0,0
宁心Lincy,1,1247,1344,2233,1,0,1247,1344,2233,1247,1344,2233,0,0,0
股海东方不败,1,7,88,145,1,0,7,88,145,7,88,145,0,0,0
烦烦电影,1,1038,188,746,1,0,1038,188,746,1038,188,746,0,0,0
平安银行信用卡官方微博,1,4439,4505,1791,1,0,4439,4505,1791,4439,4505,1791,0,0,0
361度官方旗舰店,1,3856,4232,1708,1,0,3856,4232,1708,3856,4232,1708,0,0,0
海马商城,1,3773,7180,1915,1,0,3773,7180,1915,3773,7180,1915,0,0,0
足记FotoPlace,1,4036,5149,2079,1,0,4036,5149,2079,4036,5149,2079,0,0,0
ThomasFarms托马斯食品有限公司,1,4023,5389,1725,1,0,4023,5389,1725,4023,5389,1725,0,0,0
荣耀智慧生活,1,852,869,452,1,0,852,869,452,852,869,452,0,0,0
桃沢绯-,1,6,636,70,1,0,6,636,70,6,636,70,0,0,0
奔六,1,67,16,39,1,0,67,16,39,67,16,39,0,0,0
猎聘APP,1,1249,1063,462,1,0,1249,1063,462,1249,1063,462,0,0,0
散打哥,1,17,884,835,1,0,17,884,835,17,884,835,0,0,0
闫闫_Mystic,1,2719,2899,15439,1,0,2719,2899,15439,2719,2899,15439,0,0,0
六斤叶子,1,24,44,168,1,0,24,44,168,24,44,168,0,0,0
中国女排,1,13,14,211,1,0,13,14,211,13,14,211,0,0,0
柯蓝,1,17,53,474,0,1,17,53,474,0,0,0,17,53,474
重庆龙湖,1,3279,2684,826,1,0,3279,2684,826,3279,2684,826,0,0,0
林志炫全球知音会,1,27,52,173,1,0,27,52,173,27,52,173,0,0,0
blueblue_o_0,1,45,36,136,1,0,45,36,136,45,36,136,0,0,0
今日排球,1,39,10,117,1,0,39,10,117,39,10,117,0,0,0
民呐风信子,1,9,52,81,1,0,9,52,81,9,52,81,0,0,0
西南医科大学药学院,1,70,64,49,1,0,70,64,49,70,64,49,0,0,0
每筑建文,1,248,45,219,0,1,248,45,219,0,0,0,248,45,219
东大夫,1,50,46,140,1,0,50,46,140,50,46,140,0,0,0
麦克叉,1,132,154,67,1,0,132,154,67,132,154,67,0,0,0
选圈苏明成,1,53,58,290,0,1,53,58,290,0,0,0,53,58,290
鲁南制药,1,7212,161,80,1,0,7212,161,80,7212,161,80,0,0,0
doreenlj,1,24,29,52,1,0,24,29,52,24,29,52,0,0,0
海鲤叔,1,109,382,1541,0,1,109,382,1541,0,0,0,109,382,1541
手中掌握,1,83,78,145,1,0,83,78,145,83,78,145,0,0,0
我有一口袋星星,1,27,2097,151,1,0,27,2097,151,27,2097,151,0,0,0
股林女侠,1,12,35,218,1,0,12,35,218,12,35,218,0,0,0
无聊的开箱,1,2144,637,630,0,1,2144,637,630,0,0,0,2144,637,630
易烊千玺河北粉丝团,1,513,178,640,1,0,513,178,640,513,178,640,0,0,0
十一楼主,1,238,196,85,0,1,238,196,85,0,0,0,238,196,85
英国足球那点事,1,16,36,82,1,0,16,36,82,16,36,82,0,0,0
1站视频,1,112,1854,9070,1,0,112,1854,9070,112,1854,9070,0,0,0
腻腻ninitalk的小世界,1,17,188,586,1,0,17,188,586,17,188,586,0,0,0
木子肆意,1,7550,2062,3199,1,0,7550,2062,3199,7550,2062,3199,0,0,0
超能网,1,89,611,757,1,0,89,611,757,89,611,757,0,0,0
老七,1,618,619,932,1,0,618,619,932,618,619,932,0,0,0
机智猫,1,72,655,354,0,1,72,655,354,0,0,0,72,655,354
愚兮兮奈若何,1,4677,733,1701,1,0,4677,733,1701,4677,733,1701,0,0,0
巴顿-29,1,14,101,559,1,0,14,101,559,14,101,559,0,0,0
恋语制作人_,1,25,5,81,1,0,25,5,81,25,5,81,0,0,0
国旅户外,1,31,25,39,1,0,31,25,39,31,25,39,0,0,0
INBing,1,102,195,169,1,0,102,195,169,102,195,169,0,0,0
PhoneK数码,1,180,609,1986,0,1,180,609,1986,0,0,0,180,609,1986
拾柒网络,1,9711,132,140,1,0,9711,132,140,9711,132,140,0,0,0
高翔GAOX_,1,57,377,1398,0,1,57,377,1398,0,0,0,57,377,1398
陌生人黛西,1,13,45,90,0,1,13,45,90,0,0,0,13,45,90
夺胜奇兵,1,13,124,25,0,1,13,124,25,0,0,0,13,124,25
乐秀,1,2290,1281,998,1,0,2290,1281,998,2290,1281,998,0,0,0
小崔ysj,1,47,187,505,1,0,47,187,505,47,187,505,0,0,0
胡翼飞,1,378,174,106,0,1,378,174,106,0,0,0,378,174,106
一格,1,62,38,302,1,0,62,38,302,62,38,302,0,0,0
宁思潇潇,1,61,131,352,1,0,61,131,352,61,131,352,0,0,0
龚晓明医生,1,24,52,421,1,0,24,52,421,24,52,421,0,0,0
sjsjsosknns,1,336,137,267,1,0,336,137,267,336,137,267,0,0,0
点金手丰年,1,17,385,284,0,1,17,385,284,0,0,0,17,385,284
中国元,1,37,23,40,1,0,37,23,40,37,23,40,0,0,0
智能产品君,1,82,219,198,1,0,82,219,198,82,219,198,0,0,0
韩玉兔,1,25,35,46,0,1,25,35,46,0,0,0,25,35,46
脑洞小瓷,1,68,47,159,1,0,68,47,159,68,47,159,0,0,0
影视飓风MediaStorm,1,342,569,1092,1,0,342,569,1092,342,569,1092,0,0,0
老公最恨的微博,1,4,152,1249,1,0,4,152,1249,4,152,1249,0,0,0
猫财经,1,467,223,243,0,1,467,223,243,0,0,0,467,223,243
科技白平衡,1,31,261,613,0,1,31,261,613,0,0,0,31,261,613
国防大学梁芳,1,129,95,234,1,0,129,95,234,129,95,234,0,0,0
riverchan陈溥江,1,20,340,2927,1,0,20,340,2927,20,340,2927,0,0,0
左耳朵耗子,1,84,49,110,0,1,84,49,110,0,0,0,84,49,110
PapaJames,1,144,68,425,1,0,144,68,425,144,68,425,0,0,0
哎呦我就随便看看呗,1,11,208,193,1,0,11,208,193,11,208,193,0,0,0
金哥Kimoon,1,154906,1342,906,1,0,154906,1342,906,154906,1342,906,0,0,0
魔法部-Foxi_Gryffindor,1,464,168,957,1,0,464,168,957,464,168,957,0,0,0
sunniton,1,37,110,893,0,1,37,110,893,0,0,0,37,110,893
搞笑大喇叭,1,62,272,1133,0,1,62,272,1133,0,0,0,62,272,1133
无数次与三庆园擦肩而过的xixi,1,42,74,423,1,0,42,74,423,42,74,423,0,0,0
土味挖掘机,1,137,329,436,1,0,137,329,436,137,329,436,0,0,0
ZEALER-X,1,27,144,412,0,1,27,144,412,0,0,0,27,144,412
金融圈头条,1,185,24,72,1,0,185,24,72,185,24,72,0,0,0
我是殷宜,1,11,97,196,1,0,11,97,196,11,97,196,0,0,0
不吵啊吵吵,1,15,123,173,0,1,15,123,173,0,0,0,15,123,173
海海海海军001,1,70,132,105,0,1,70,132,105,0,0,0,70,132,105
我要戳出梨涡来,1,49,66,371,1,0,49,66,371,49,66,371,0,0,0
熊市猎人,1,96,58,307,1,0,96,58,307,96,58,307,0,0,0
东风永健,1,37,79,602,1,0,37,79,602,37,79,602,0,0,0
NIKY_BTS,1,640,292,569,1,0,640,292,569,640,292,569,0,0,0
小道信息,1,37,1001,741,1,0,37,1001,741,37,1001,741,0,0,0
财房博,1,5,367,316,0,1,5,367,316,0,0,0,5,367,316
搞某人,1,5,118,205,0,1,5,118,205,0,0,0,5,118,205
不再丰腴,1,18,68,97,1,0,18,68,97,18,68,97,0,0,0
马筱强,1,11,22,64,1,0,11,22,64,11,22,64,0,0,0
程栗咸-,1,19926,6901,8955,1,0,19926,6901,8955,19926,6901,8955,0,0,0
李永乐老师,1,1198,427,2267,1,0,1198,427,2267,1198,427,2267,0,0,0
杀马特的彩虹马,1,526,97,863,0,1,526,97,863,0,0,0,526,97,863
吃全世界最甜的瓜,1,37,71,375,1,0,37,71,375,37,71,375,0,0,0
方成说进口车,1,5,135,70,0,1,5,135,70,0,0,0,5,135,70
大漠鱼,1,57,55,58,1,0,57,55,58,57,55,58,0,0,0
小烦鲜森,1,215,429,173,0,1,215,429,173,0,0,0,215,429,173
夢想家陈轶亮,1,5,196,335,0,1,5,196,335,0,0,0,5,196,335
小宝撩机,1,92,1287,4593,1,0,92,1287,4593,92,1287,4593,0,0,0
DJ莫澳欣,1,12,41,135,1,0,12,41,135,12,41,135,0,0,0
绿植领养,1,12901,4346,5409,1,0,12901,4346,5409,12901,4346,5409,0,0,0
天文在线,1,141,173,1003,1,0,141,173,1003,141,173,1003,0,0,0
七色的偽物人形,1,83,224,1467,1,0,83,224,1467,83,224,1467,0,0,0
合肥高楼迷,1,10,51,127,1,0,10,51,127,10,51,127,0,0,0
身体好虎,1,210,759,498,1,0,210,759,498,210,759,498,0,0,0
小栗KomLee,1,5,32,92,0,1,5,32,92,0,0,0,5,32,92
上海当代艺术馆MoCAShanghai,1,597,1041,296,1,0,597,1041,296,597,1041,296,0,0,0
丘寒,1,73,64,265,1,0,73,64,265,73,64,265,0,0,0
我是小糗君,1,512,338,416,0,1,512,338,416,0,0,0,512,338,416
大江之源,1,248,1622,3215,1,0,248,1622,3215,248,1622,3215,0,0,0
招商银行App,1,7920,6837,4007,1,0,7920,6837,4007,7920,6837,4007,0,0,0
锦鲤少女,1,121592,1429,3073,1,0,121592,1429,3073,121592,1429,3073,0,0,0
苏宁内容,1,6069,6422,2406,1,0,6069,6422,2406,6069,6422,2406,0,0,0
D源氏春秋L,1,22,37,185,1,0,22,37,185,22,37,185,0,0,0
PeroPeroGames,1,509,99,304,1,0,509,99,304,509,99,304,0,0,0
数码视界-鹏霄万里,1,106,88,147,0,1,106,88,147,0,0,0,106,88,147
花总,1,42,105,377,1,0,42,105,377,42,105,377,0,0,0
小蛮蛮小,1,22267,10242,5325,1,0,22267,10242,5325,22267,10242,5325,0,0,0
哲学少女零壹,1,245,627,178,0,1,245,627,178,0,0,0,245,627,178
捌月玖日未央,1,365,181,860,0,1,365,181,860,0,0,0,365,181,860
苗阜,1,24,7,608,1,0,24,7,608,24,7,608,0,0,0
Y科技订阅,1,25,631,398,1,0,25,631,398,25,631,398,0,0,0
小巫酱w,1,5,24,115,0,1,5,24,115,0,0,0,5,24,115
潼Avril,1,15058,11663,7545,1,0,15058,11663,7545,15058,11663,7545,0,0,0
流水画,1,46,63,120,1,0,46,63,120,46,63,120,0,0,0
蜘蛛MX,1,5,15,101,0,1,5,15,101,0,0,0,5,15,101
ally_49,1,140,22,82,1,0,140,22,82,140,22,82,0,0,0
期待每一天都是今天,1,8,30,141,1,0,8,30,141,8,30,141,0,0,0
军旅过客,1,8,100,123,0,1,8,100,123,0,0,0,8,100,123
落樱神斧杰克逊,1,11,31,155,0,1,11,31,155,0,0,0,11,31,155
古力,1,14,43,226,1,0,14,43,226,14,43,226,0,0,0
光哥土鸡蛋,1,19,52,157,0,1,19,52,157,0,0,0,19,52,157
比婳婳婳婳少两个婳,1,14,710,434,1,0,14,710,434,14,710,434,0,0,0
人民海军,1,2606,869,4711,1,0,2606,869,4711,2606,869,4711,0,0,0
嗨-Mr强,1,28,673,705,0,1,28,673,705,0,0,0,28,673,705
理性的白痴,1,7,94,400,0,1,7,94,400,0,0,0,7,94,400
小小老马马,1,8,68,152,0,1,8,68,152,0,0,0,8,68,152
四川手机报,1,349,56,376,1,0,349,56,376,349,56,376,0,0,0
傅蔚冈,1,1054,1003,785,0,1,1054,1003,785,0,0,0,1054,1003,785
高举反男权的大旗前进,1,129,833,1041,0,1,129,833,1041,0,0,0,129,833,1041
米瑞蓉,1,22,20,83,1,0,22,20,83,22,20,83,0,0,0
北京的飞翔鱼,1,662,81,276,0,1,662,81,276,0,0,0,662,81,276
八卦看这里,1,29,122,352,0,1,29,122,352,0,0,0,29,122,352
扁担客大叔,1,35,406,1079,0,1,35,406,1079,0,0,0,35,406,1079
Suki与科技,1,61,481,852,0,1,61,481,852,0,0,0,61,481,852
快乐追星十级学渣,1,211,209,944,0,1,211,209,944,0,0,0,211,209,944
林间车道,1,78,56,168,0,1,78,56,168,0,0,0,78,56,168
网瘾少年的八卦日常,1,1192,1417,1638,1,0,1192,1417,1638,1192,1417,1638,0,0,0
数码先知道,1,13,49,431,0,1,13,49,431,0,0,0,13,49,431
Gmarket_Global,1,1521,2396,730,1,0,1521,2396,730,1521,2396,730,0,0,0
重回汉唐绿珠儿,1,12,28,79,1,0,12,28,79,12,28,79,0,0,0
董董Mercurio,1,34,13,134,0,1,34,13,134,0,0,0,34,13,134
亚洲长腿天团团长,1,14,14,71,1,0,14,14,71,14,14,71,0,0,0
中国证券报,1,115,0,61,0,1,115,0,61,0,0,0,115,0,61
小烔完的大风车,1,60,53,111,1,0,60,53,111,60,53,111,0,0,0
南宁人不知道的南宁事,1,80,89,405,1,0,80,89,405,80,89,405,0,0,0
李天飞大话西游,1,19,237,792,0,1,19,237,792,0,0,0,19,237,792
Lilys园艺,1,30,676,408,0,1,30,676,408,0,0,0,30,676,408
EncounterPS·ChinaFC,1,19,30,154,1,0,19,30,154,19,30,154,0,0,0
北京拆哥,1,140,778,785,0,1,140,778,785,0,0,0,140,778,785
笔吧评测室官博,1,67,227,115,1,0,67,227,115,67,227,115,0,0,0
搞机小盒子,1,163,1430,2975,0,1,163,1430,2975,0,0,0,163,1430,2975
杠子,1,612,418,2795,1,0,612,418,2795,612,418,2795,0,0,0
崔玉贤Cynthia,1,23,152,257,0,1,23,152,257,0,0,0,23,152,257
我是落生,1,1240,274,1011,1,0,1240,274,1011,1240,274,1011,0,0,0
付亮的竞争情报应用,1,253,2120,3240,0,1,253,2120,3240,0,0,0,253,2120,3240
杭州发布,1,34,28,25,1,0,34,28,25,34,28,25,0,0,0
tombkeeper,1,75,129,416,1,0,75,129,416,75,129,416,0,0,0
三文娱-国漫观察,1,80,4,50,1,0,80,4,50,80,4,50,0,0,0
可喵是一只奇怪的橘猫,1,409,316,236,1,0,409,316,236,409,316,236,0,0,0
科技view,1,50,28,86,1,0,50,28,86,50,28,86,0,0,0
朕硕,1,643,556,2339,1,0,643,556,2339,643,556,2339,0,0,0
汤媛媛Mini,1,3609,3403,4843,1,0,3609,3403,4843,3609,3403,4843,0,0,0
红星新闻,1,43,216,123,0,1,43,216,123,0,0,0,43,216,123
微博英国,1,332,1097,5012,1,0,332,1097,5012,332,1097,5012,0,0,0
心上人,1,28367,4505,12556,1,0,28367,4505,12556,28367,4505,12556,0,0,0
吉林大学,1,788,297,208,1,0,788,297,208,788,297,208,0,0,0
一汽奔腾,1,3288,3736,1561,1,0,3288,3736,1561,3288,3736,1561,0,0,0
一汽红旗,1,3079,2642,1507,1,0,3079,2642,1507,3079,2642,1507,0,0,0
XXXX是嗲精,1,17,18,641,1,0,17,18,641,17,18,641,0,0,0
娱圈追星姐,1,193,354,837,0,1,193,354,837,0,0,0,193,354,837
李俊辰Chen,1,1332,2398,4087,1,0,1332,2398,4087,1332,2398,4087,0,0,0
辰科技测评,1,629,261,275,1,0,629,261,275,629,261,275,0,0,0
大石家庄,1,9,333,360,0,1,9,333,360,0,0,0,9,333,360
闫跃龙,1,60,33,65,1,0,60,33,65,60,33,65,0,0,0
纽约姐,1,11,20,119,0,1,11,20,119,0,0,0,11,20,119
齐鲁晚报,1,84,218,695,1,0,84,218,695,84,218,695,0,0,0
GOT7_百度林在范吧,1,251,50,275,1,0,251,50,275,251,50,275,0,0,0
黑白宝宝甲,1,23,52,318,1,0,23,52,318,23,52,318,0,0,0
树熊与尤加利叶,1,29,281,273,0,1,29,281,273,0,0,0,29,281,273
撒旦2太子,1,5,260,258,1,0,5,260,258,5,260,258,0,0,0
斌叔儿童编程,1,50,135,563,1,0,50,135,563,50,135,563,0,0,0
鬼畜怪,1,45,47,65,1,0,45,47,65,45,47,65,0,0,0
无忧精英网,1,7209,6057,3033,1,0,7209,6057,3033,7209,6057,3033,0,0,0
极游组,1,402,84,191,0,1,402,84,191,0,0,0,402,84,191
全球经典音乐,1,120,8,168,1,0,120,8,168,120,8,168,0,0,0
穷游旅行家,1,859,473,1399,1,0,859,473,1399,859,473,1399,0,0,0
美丽大数据,1,27,361,782,0,1,27,361,782,0,0,0,27,361,782
BOOZ音乐,1,188,222,283,1,0,188,222,283,188,222,283,0,0,0
刘耘博士,1,220,48,115,0,1,220,48,115,0,0,0,220,48,115
金融界网站,1,61,15,169,1,0,61,15,169,61,15,169,0,0,0
综艺老阿姨,1,13,26,178,1,0,13,26,178,13,26,178,0,0,0
PingWest品玩,1,53,221,242,0,1,53,221,242,0,0,0,53,221,242
凯毅不酷,1,5,148,1147,0,1,5,148,1147,0,0,0,5,148,1147
郭斯特,1,65,274,829,1,0,65,274,829,65,274,829,0,0,0
曼谷雨季雨停吧,1,163,182,1737,1,0,163,182,1737,163,182,1737,0,0,0
淘宝吃货,1,17,41,125,1,0,17,41,125,17,41,125,0,0,0
TESTV-編導,1,9,87,226,1,0,9,87,226,9,87,226,0,0,0
花魁今天不接单,1,131,90,389,0,1,131,90,389,0,0,0,131,90,389
TVB官方微博,1,22,60,133,0,1,22,60,133,0,0,0,22,60,133
热心市民李朋友,1,69,431,78,1,0,69,431,78,69,431,78,0,0,0
睡牛mua,1,63,493,38,1,0,63,493,38,63,493,38,0,0,0
思明博警,1,15,16,54,0,1,15,16,54,0,0,0,15,16,54
伦敦姚洋,1,32,3,23,1,0,32,3,23,32,3,23,0,0,0
段段以及南墙,1,9,182,88,0,1,9,182,88,0,0,0,9,182,88
长颈鹿和刺猬,1,196,488,5260,1,0,196,488,5260,196,488,5260,0,0,0
Smile_hu,1,87,136,1119,0,1,87,136,1119,0,0,0,87,136,1119
石言呓语,1,22,59,64,0,1,22,59,64,0,0,0,22,59,64
看舰江南,1,106,66,123,1,0,106,66,123,106,66,123,0,0,0
军人粉丝团,1,90,34,119,1,0,90,34,119,90,34,119,0,0,0
周柒_,1,59,86,237,1,0,59,86,237,59,86,237,0,0,0
呵呵帝HED,1,33,88,177,0,1,33,88,177,0,0,0,33,88,177
杭州交通918,1,15,13,45,1,0,15,13,45,15,13,45,0,0,0
东方财富网,1,32,54,104,1,0,32,54,104,32,54,104,0,0,0
圈内狙击手,1,398,1888,3399,1,0,398,1888,3399,398,1888,3399,0,0,0
文娱大事件,1,648,1534,4073,0,1,648,1534,4073,0,0,0,648,1534,4073
星报君Hot,1,245,274,529,0,1,245,274,529,0,0,0,245,274,529
央视一套,1,21,4,87,1,0,21,4,87,21,4,87,0,0,0
刘海影,1,58,23,74,1,0,58,23,74,58,23,74,0,0,0
有钱人发言bot,1,25719,11538,8118,1,0,25719,11538,8118,25719,11538,8118,0,0,0
NathanRich火锅大王,1,120,313,729,0,1,120,313,729,0,0,0,120,313,729
中国网,1,128,25,145,1,0,128,25,145,128,25,145,0,0,0
知任CHS,1,7242,1406,897,1,0,7242,1406,897,7242,1406,897,0,0,0
网易云音乐,1,2513,1927,1172,1,0,2513,1927,1172,2513,1927,1172,0,0,0
敏子同学Minz,1,90,54,221,1,0,90,54,221,90,54,221,0,0,0
一号哨位,1,133,57,322,1,0,133,57,322,133,57,322,0,0,0
龙头百战,1,108,799,958,1,0,108,799,958,108,799,958,0,0,0
人民前线,1,57,53,196,1,0,57,53,196,57,53,196,0,0,0
梨萸,1,80,282,49,0,1,80,282,49,0,0,0,80,282,49
杭州新闻排行榜,1,3704,4323,2736,1,0,3704,4323,2736,3704,4323,2736,0,0,0
51信用卡管家,1,5111,3697,2441,1,0,5111,3697,2441,5111,3697,2441,0,0,0
网易有道,1,6351,1600,4274,1,0,6351,1600,4274,6351,1600,4274,0,0,0
小黑测评,1,49,869,1043,0,1,49,869,1043,0,0,0,49,869,1043
小宝守护pro,1,1089,1,464,1,0,1089,1,464,1089,1,464,0,0,0
e签宝_,1,2001,1258,763,1,0,2001,1258,763,2001,1258,763,0,0,0
广告文案-,1,59,23,149,1,0,59,23,149,59,23,149,0,0,0
36氪,1,23,36,105,1,0,23,36,105,23,36,105,0,0,0
AUX奥克斯空调,1,55869,2297,3774,1,0,55869,2297,3774,55869,2297,3774,0,0,0
小影,1,5731,2203,4356,1,0,5731,2203,4356,5731,2203,4356,0,0,0
STONELULULULU,1,236,151,516,0,1,236,151,516,0,0,0,236,151,516
洪国荃,1,209,481,153,0,1,209,481,153,0,0,0,209,481,153
科技小蜀黍,1,132,764,946,1,0,132,764,946,132,764,946,0,0,0
相机Beta,1,21,93,74,1,0,21,93,74,21,93,74,0,0,0
最猎奇的视频,1,1138,984,7537,0,1,1138,984,7537,0,0,0,1138,984,7537
19楼,1,4344,2158,2722,1,0,4344,2158,2722,4344,2158,2722,0,0,0
读书日签,1,355,61,97,0,1,355,61,97,0,0,0,355,61,97
河东科技HDL,1,331,304,286,1,0,331,304,286,331,304,286,0,0,0
三根三毛,1,43,56,216,1,0,43,56,216,43,56,216,0,0,0
橙味水果糖,1,142,162,466,1,0,142,162,466,142,162,466,0,0,0
摄影日课,1,28,1,71,1,0,28,1,71,28,1,71,0,0,0
那个狗蛋儿,1,15,245,3233,0,1,15,245,3233,0,0,0,15,245,3233
南方日报,1,23,86,33,0,1,23,86,33,0,0,0,23,86,33
天气预报,1,34,31,14,0,1,34,31,14,0,0,0,34,31,14
老马自奋蹄,1,111,74,64,0,1,111,74,64,0,0,0,111,74,64
团子不要闹,1,11,48,276,0,1,11,48,276,0,0,0,11,48,276
圈内瓜事,1,157,26,82,1,0,157,26,82,157,26,82,0,0,0
IIIIIIILE,1,509,97,576,1,0,509,97,576,509,97,576,0,0,0
修身养性包子命,1,151,158,527,1,0,151,158,527,151,158,527,0,0,0
科技More,1,43,124,1412,1,0,43,124,1412,43,124,1412,0,0,0
海疆在线,1,27,49,89,0,1,27,49,89,0,0,0,27,49,89
人生平淡不服就干,1,159,23,59,1,0,159,23,59,159,23,59,0,0,0
随手拍,1,1104,658,1006,1,0,1104,658,1006,1104,658,1006,0,0,0
李兰陵,1,11,118,784,0,1,11,118,784,0,0,0,11,118,784
Only彤爱吃炒饭,1,5,41,120,1,0,5,41,120,5,41,120,0,0,0
001期货网,1,65,4,29,1,0,65,4,29,65,4,29,0,0,0
在海面坠落,1,19,9,110,1,0,19,9,110,19,9,110,0,0,0
时事-辩论,1,12,14,33,1,0,12,14,33,12,14,33,0,0,0
Glitteryolk,1,18,54,69,1,0,18,54,69,18,54,69,0,0,0
江小爬LOVE,1,4121,2527,28026,1,0,4121,2527,28026,4121,2527,28026,0,0,0
信小呆,1,155,260,2892,1,0,155,260,2892,155,260,2892,0,0,0
易伟,1,347,58,320,0,1,347,58,320,0,0,0,347,58,320
C-FORCE官微,1,2099,534,280,1,0,2099,534,280,2099,534,280,0,0,0
解答不是解答,1,154,333,2868,1,0,154,333,2868,154,333,2868,0,0,0
LAC-入侵,1,25,48,44,0,1,25,48,44,0,0,0,25,48,44
天路小阿刀,1,249,171,1085,1,0,249,171,1085,249,171,1085,0,0,0
美团,1,1979,2443,702,1,0,1979,2443,702,1979,2443,702,0,0,0
中国联通北京客服,1,7802,7870,2920,1,0,7802,7870,2920,7802,7870,2920,0,0,0
悟空教育机器人,1,3481,3974,1551,1,0,3481,3974,1551,3481,3974,1551,0,0,0
莲鹤夫人,1,31,379,694,0,1,31,379,694,0,0,0,31,379,694
AcFun弹幕视频网,1,2887,3137,1194,1,0,2887,3137,1194,2887,3137,1194,0,0,0
浦江身边事,1,251,213,109,1,0,251,213,109,251,213,109,0,0,0
鼓楼微讯,1,289,78,24,1,0,289,78,24,289,78,24,0,0,0
海澜之家,1,1374,1678,809,1,0,1374,1678,809,1374,1678,809,0,0,0
上海市徐文明,1,3,0,516,1,0,3,0,516,3,0,516,0,0,0
梅花冷人,1,664,1602,3293,1,0,664,1602,3293,664,1602,3293,0,0,0
娱牛,1,703,5168,9185,1,0,703,5168,9185,703,5168,9185,0,0,0
黄石PK,1,259,125,275,1,0,259,125,275,259,125,275,0,0,0
风息神泪,1,13846,2078,23500,1,0,13846,2078,23500,13846,2078,23500,0,0,0
JDG京东电子竞技俱乐部,1,55426,57103,8669,1,0,55426,57103,8669,55426,57103,8669,0,0,0
小梅花情怀,1,1550,1545,15582,1,0,1550,1545,15582,1550,1545,15582,0,0,0
开八,1,666,880,2844,0,1,666,880,2844,0,0,0,666,880,2844
斯道,1,3567,7447,35439,1,0,3567,7447,35439,3567,7447,35439,0,0,0
苏群,1,16124,6300,3647,1,0,16124,6300,3647,16124,6300,3647,0,0,0
月枕宇宙,1,120,342,1995,1,0,120,342,1995,120,342,1995,0,0,0
钱府,1,3825,5518,36397,1,0,3825,5518,36397,3825,5518,36397,0,0,0
沙漠里的鲭鱼,1,2933,852,5732,1,0,2933,852,5732,2933,852,5732,0,0,0
联邦快递中国,1,16700,74776,18443,0,1,16700,74776,18443,0,0,0,16700,74776,18443
头条博客,1,373,193,76,1,0,373,193,76,373,193,76,0,0,0
胖哥杨力,1,7424,3515,91089,1,0,7424,3515,91089,7424,3515,91089,0,0,0
张起淮,1,679,334,5588,1,0,679,334,5588,679,334,5588,0,0,0
原图爹,1,3347,3387,5103,1,0,3347,3387,5103,3347,3387,5103,0,0,0
电影圈君,1,466,223,3937,1,0,466,223,3937,466,223,3937,0,0,0
渡渡鸟,1,588,174,2635,1,0,588,174,2635,588,174,2635,0,0,0
论坛说事,1,128,351,2137,1,0,128,351,2137,128,351,2137,0,0,0
布道宽窄,1,185,171,1885,1,0,185,171,1885,185,171,1885,0,0,0
向太Tiffany陳嵐,1,4863,1926,26237,0,1,4863,1926,26237,0,0,0,4863,1926,26237
杜暘,1,158,404,2518,1,0,158,404,2518,158,404,2518,0,0,0
梁湘,1,479,362,4093,0,1,479,362,4093,0,0,0,479,362,4093
娱乐破事,1,22,371,746,1,0,22,371,746,22,371,746,0,0,0
中国日报网,1,47,1,115,1,0,47,1,115,47,1,115,0,0,0
santa豆豆,1,10,16,46,0,1,10,16,46,0,0,0,10,16,46
威威威vvv,1,19,24,170,1,0,19,24,170,19,24,170,0,0,0
西医综合张蕴新,1,7,102,112,0,1,7,102,112,0,0,0,7,102,112
深圳民宿,1,2174,1878,22373,1,0,2174,1878,22373,2174,1878,22373,0,0,0
脱非汪,1,9123,4787,53094,1,0,9123,4787,53094,9123,4787,53094,0,0,0
圈内娱叔,1,482,507,1954,1,0,482,507,1954,482,507,1954,0,0,0
SHHO魔法部,1,84,38,384,1,0,84,38,384,84,38,384,0,0,0
李英航,1,71,712,2546,0,1,71,712,2546,0,0,0,71,712,2546
圈内皇叔,1,472,507,1630,1,0,472,507,1630,472,507,1630,0,0,0
一周剧评,1,286,189,1008,1,0,286,189,1008,286,189,1008,0,0,0
扒圈老祖,1,482,472,1648,1,0,482,472,1648,482,472,1648,0,0,0
电影影视界,1,480,686,3180,1,0,480,686,3180,480,686,3180,0,0,0
九段棋手蔡菜子,1,155,5,213,0,1,155,5,213,0,0,0,155,5,213
娱评先生,1,308,204,799,1,0,308,204,799,308,204,799,0,0,0
综艺蜀黍,1,169,307,1023,1,0,169,307,1023,169,307,1023,0,0,0
娱扒光,1,517,715,2514,1,0,517,715,2514,517,715,2514,0,0,0
作家冯玉雷,1,59,1,7,1,0,59,1,7,59,1,7,0,0,0
娱乐观察站,1,489,696,2221,1,0,489,696,2221,489,696,2221,0,0,0
圈内姐姐,1,496,732,2688,1,0,496,732,2688,496,732,2688,0,0,0
中国播音主持网,1,325,86,1399,0,1,325,86,1399,0,0,0,325,86,1399
一刀之風林火山,1,43,929,2626,0,1,43,929,2626,0,0,0,43,929,2626
PaperWeekly,1,94,12,40,1,0,94,12,40,94,12,40,0,0,0
媒体印象,1,65,35,603,1,0,65,35,603,65,35,603,0,0,0
纪随时,1,145,498,2615,0,1,145,498,2615,0,0,0,145,498,2615
爆料帝_,1,80,441,1901,0,1,80,441,1901,0,0,0,80,441,1901
中国邮政,1,973,1308,20063,1,0,973,1308,20063,973,1308,20063,0,0,0
Herbiewu,1,158,570,2191,1,0,158,570,2191,158,570,2191,0,0,0
六国虹,1,63,100,627,1,0,63,100,627,63,100,627,0,0,0
招商银行信用卡,1,1087,1046,295,1,0,1087,1046,295,1087,1046,295,0,0,0
贼叉,1,45,119,368,1,0,45,119,368,45,119,368,0,0,0
广西文化和旅游厅,1,4366,6334,2198,1,0,4366,6334,2198,4366,6334,2198,0,0,0
丁炳中,1,2835,883,5373,1,0,2835,883,5373,2835,883,5373,0,0,0
果果的B面,1,16,63,249,1,0,16,63,249,16,63,249,0,0,0
人脉爸爸,1,297,332,2984,1,0,297,332,2984,297,332,2984,0,0,0
柒书小屋,1,283,95,70,1,0,283,95,70,283,95,70,0,0,0
北京邮电大学,1,631,291,8428,1,0,631,291,8428,631,291,8428,0,0,0
雅思中国网,1,101,4,120,1,0,101,4,120,101,4,120,0,0,0
黔东南头条,1,116,117,2713,1,0,116,117,2713,116,117,2713,0,0,0
喵酱的小剧场,1,113,2010,9831,0,1,113,2010,9831,0,0,0,113,2010,9831
股海方舟-周宇,1,85,88,474,1,0,85,88,474,85,88,474,0,0,0
连淮徐盐,1,175,200,829,1,0,175,200,829,175,200,829,0,0,0
新加坡眼,1,12,469,1216,0,1,12,469,1216,0,0,0,12,469,1216
陈砺志,1,40,35,603,1,0,40,35,603,40,35,603,0,0,0
长春这噶儿,1,195,145,502,1,0,195,145,502,195,145,502,0,0,0
曹增光,1,204,3132,22440,0,1,204,3132,22440,0,0,0,204,3132,22440
VOGUE服饰与美容,1,1093,196,3192,1,0,1093,196,3192,1093,196,3192,0,0,0
中国青年网,1,67,42,469,1,0,67,42,469,67,42,469,0,0,0
时尚科技馆,1,724,1048,3859,1,0,724,1048,3859,724,1048,3859,0,0,0
王牌健言-王健,1,284,441,5375,1,0,284,441,5375,284,441,5375,0,0,0
王飞-仓储物流与供应链,1,1573,797,23552,1,0,1573,797,23552,1573,797,23552,0,0,0
电商头条,1,342,211,2516,1,0,342,211,2516,342,211,2516,0,0,0
Super雅思口语,1,221,18,406,1,0,221,18,406,221,18,406,0,0,0
美国院校百科,1,258,27,359,1,0,258,27,359,258,27,359,0,0,0
秀数码,1,216,799,6901,0,1,216,799,6901,0,0,0,216,799,6901
小丑很难过,1,41,162,2624,1,0,41,162,2624,41,162,2624,0,0,0
纸十四,1,74,18,278,0,1,74,18,278,0,0,0,74,18,278
科技圈,1,20,121,880,1,0,20,121,880,20,121,880,0,0,0
忧伤的巨人yu,1,1036,573,1660,1,0,1036,573,1660,1036,573,1660,0,0,0
八组兔区不爆麻袋爆料,1,35,97,1204,1,0,35,97,1204,35,97,1204,0,0,0
耀眼的红帽徽,1,95,58,836,1,0,95,58,836,95,58,836,0,0,0
亮剣,1,224,119,947,0,1,224,119,947,0,0,0,224,119,947
雷科技,1,71,116,1139,0,1,71,116,1139,0,0,0,71,116,1139
sweeties不加s,1,1365,192,2276,1,0,1365,192,2276,1365,192,2276,0,0,0
mrmanor,1,1059,0,2487,0,1,1059,0,2487,0,0,0,1059,0,2487
摄政王有话说-,1,145,40,167,1,0,145,40,167,145,40,167,0,0,0
复旦大学,1,62,24,358,1,0,62,24,358,62,24,358,0,0,0
香港衛視HKS,1,183,1148,4138,1,0,183,1148,4138,183,1148,4138,0,0,0
主持人沈南,1,8,238,2831,1,0,8,238,2831,8,238,2831,0,0,0
千玺是宝贝儿啊,1,37,25,282,0,1,37,25,282,0,0,0,37,25,282
军粉姐姐V,1,18,7,456,0,1,18,7,456,0,0,0,18,7,456
凯恩斯,1,195,10,207,1,0,195,10,207,195,10,207,0,0,0
浮川,1,21,64,1554,1,0,21,64,1554,21,64,1554,0,0,0
城里的猫狗,1,25,177,237,1,0,25,177,237,25,177,237,0,0,0
何夕,1,454,1,1716,0,1,454,1,1716,0,0,0,454,1,1716
演员刘琳,1,18,197,1962,1,0,18,197,1962,18,197,1962,0,0,0
泰国阿姐,1,40,20,200,1,0,40,20,200,40,20,200,0,0,0
ParadoxChiaoI,1,9362,673,11152,0,1,9362,673,11152,0,0,0,9362,673,11152
种花家的菌事兔,1,182,1679,8537,0,1,182,1679,8537,0,0,0,182,1679,8537
嘉炜1994,1,7694,1362,10030,1,0,7694,1362,10030,7694,1362,10030,0,0,0
秦思,1,270,630,1299,1,0,270,630,1299,270,630,1299,0,0,0
王凤波,1,43,45,135,1,0,43,45,135,43,45,135,0,0,0
影像视觉杂志,1,130,52,191,1,0,130,52,191,130,52,191,0,0,0
李子暘Lee,1,208,76,347,0,1,208,76,347,0,0,0,208,76,347
孥孥的大树,1,102,216,1048,1,0,102,216,1048,102,216,1048,0,0,0
点述Spotory,1,193,241,1184,1,0,193,241,1184,193,241,1184,0,0,0
比特币真心话,1,63,884,1748,0,1,63,884,1748,0,0,0,63,884,1748
成都晚报,1,18,108,391,1,0,18,108,391,18,108,391,0,0,0
angelababy杨颖粉丝005,1,413,44,359,1,0,413,44,359,413,44,359,0,0,0
西安直播,1,16,227,914,1,0,16,227,914,16,227,914,0,0,0
Mr易公子,1,2549,740,5614,1,0,2549,740,5614,2549,740,5614,0,0,0
彭林FView,1,4483,403,18795,1,0,4483,403,18795,4483,403,18795,0,0,0
叫大爷嘿·,1,37,48,2248,1,0,37,48,2248,37,48,2248,0,0,0
王欠欠-,1,50,231,1048,0,1,50,231,1048,0,0,0,50,231,1048
娱小柯,1,244,1618,5478,0,1,244,1618,5478,0,0,0,244,1618,5478
吃好就睡了,1,1506,32,869,0,1,1506,32,869,0,0,0,1506,32,869
衷易予你,1,904,65,495,1,0,904,65,495,904,65,495,0,0,0
中国移动10086,1,5548,8222,2906,1,0,5548,8222,2906,5548,8222,2906,0,0,0
许闯Trunk,1,57,118,1115,1,0,57,118,1115,57,118,1115,0,0,0
科技洋洋,1,93,916,4233,0,1,93,916,4233,0,0,0,93,916,4233
性感玉米,1,808,243,3548,1,0,808,243,3548,808,243,3548,0,0,0
Sunny-妍,1,68,670,1022,0,1,68,670,1022,0,0,0,68,670,1022
雪雪·,1,38,135,778,1,0,38,135,778,38,135,778,0,0,0
我一直在想昵称太长会不会被人打,1,282,137,1135,0,1,282,137,1135,0,0,0,282,137,1135
互联网民工-_-子谦Jacob-Fitness,1,314,212,995,0,1,314,212,995,0,0,0,314,212,995
铁臂阿吉,1,799,243,1454,1,0,799,243,1454,799,243,1454,0,0,0
AdeLcs,1,204,25,432,0,1,204,25,432,0,0,0,204,25,432
科技怪咖,1,50,798,2929,0,1,50,798,2929,0,0,0,50,798,2929
打奥特曼de小怪兽,1,390,761,7843,1,0,390,761,7843,390,761,7843,0,0,0
行业洞察者,1,209,471,10559,1,0,209,471,10559,209,471,10559,0,0,0
千玺的芒果,1,91,124,1111,1,0,91,124,1111,91,124,1111,0,0,0
TI_重阳Roy,1,39,219,3358,1,0,39,219,3358,39,219,3358,0,0,0
青年湖南,1,91,13,77,1,0,91,13,77,91,13,77,0,0,0
Oxy喵喵子,1,1961,361,7423,1,0,1961,361,7423,1961,361,7423,0,0,0
微博教育,1,140,130,1779,1,0,140,130,1779,140,130,1779,0,0,0
魏无羡情报局,1,78,102,1007,0,1,78,102,1007,0,0,0,78,102,1007
搞笑不寻常,1,244,103,2123,1,0,244,103,2123,244,103,2123,0,0,0
吐嚎影院,1,248,2339,13950,0,1,248,2339,13950,0,0,0,248,2339,13950
耸雅大人,1,123,94,597,1,0,123,94,597,123,94,597,0,0,0
淡蓝LGBT资讯,1,205,119,3506,0,1,205,119,3506,0,0,0,205,119,3506
站站入侵,1,87,632,1342,1,0,87,632,1342,87,632,1342,0,0,0
我的女友嘴很贱,1,2662,2018,3204,0,1,2662,2018,3204,0,0,0,2662,2018,3204
新民晚报新民网,1,190,49,382,1,0,190,49,382,190,49,382,0,0,0
米奇沃克斯,1,9,79,2244,1,0,9,79,2244,9,79,2244,0,0,0
龙跃文3717,1,72,92,1348,0,1,72,92,1348,0,0,0,72,92,1348
陈新建,1,67,465,2710,0,1,67,465,2710,0,0,0,67,465,2710
佳心芝士,1,24,200,2032,0,1,24,200,2032,0,0,0,24,200,2032
迪玛娇娇,1,151,68,392,1,0,151,68,392,151,68,392,0,0,0
IT大施兄,1,9,59,2292,1,0,9,59,2292,9,59,2292,0,0,0
洪榕,1,118,101,689,0,1,118,101,689,0,0,0,118,101,689
超话社区精选,1,37,22,347,0,1,37,22,347,0,0,0,37,22,347
旭东翻硕,1,244,10,160,1,0,244,10,160,244,10,160,0,0,0
股帅吉祥,1,70,85,310,1,0,70,85,310,70,85,310,0,0,0
章佳明,1,1266,2115,8706,1,0,1266,2115,8706,1266,2115,8706,0,0,0
同志之声,1,212,224,6467,1,0,212,224,6467,212,224,6467,0,0,0
澄澄圈,1,83,165,538,1,0,83,165,538,83,165,538,0,0,0
重庆CKG,1,38,268,294,1,0,38,268,294,38,268,294,0,0,0
抬头看风景nono,1,1397,1439,3100,1,0,1397,1439,3100,1397,1439,3100,0,0,0
舒客Saky,1,2719,1865,4812,1,0,2719,1865,4812,2719,1865,4812,0,0,0
哈雷恶棍李奇,1,17,4,922,1,0,17,4,922,17,4,922,0,0,0
化妆师Natalie,1,52,165,685,1,0,52,165,685,52,165,685,0,0,0
爱摄影的磊哥,1,11,9,28,1,0,11,9,28,11,9,28,0,0,0
沈阳最热门,1,18,23,99,1,0,18,23,99,18,23,99,0,0,0
沪江西语,1,16,6,43,1,0,16,6,43,16,6,43,0,0,0
淡墨涵香,1,32,5,20,1,0,32,5,20,32,5,20,0,0,0
霸气潜水熊,1,17,251,347,1,0,17,251,347,17,251,347,0,0,0
首席成长官刘佳勇,1,10,11,48,0,1,10,11,48,0,0,0,10,11,48
极测评,1,622,310,1773,1,0,622,310,1773,622,310,1773,0,0,0
改车志,1,9,41,125,1,0,9,41,125,9,41,125,0,0,0
潘海天,1,61,289,833,0,1,61,289,833,0,0,0,61,289,833
老拳Fist,1,52,106,486,1,0,52,106,486,52,106,486,0,0,0
欢欢在法国,1,42,3,35,1,0,42,3,35,42,3,35,0,0,0
否极泰董宝珍,1,73,73,201,1,0,73,73,201,73,73,201,0,0,0
张晶晶Vicky,1,2324,3675,27070,1,0,2324,3675,27070,2324,3675,27070,0,0,0
小野妹子学吐槽,1,721,546,913,1,0,721,546,913,721,546,913,0,0,0
Jeana赵嘉怡,1,9891,11939,15079,1,0,9891,11939,15079,9891,11939,15079,0,0,0
飞扬南石,1,147,105,455,0,1,147,105,455,0,0,0,147,105,455
轻氧白藜芦醇燕窝酵素猫-小萌,1,70,0,176,1,0,70,0,176,70,0,176,0,0,0
pwj的大芒果,1,59,9,220,0,1,59,9,220,0,0,0,59,9,220
listter乐,1,55,615,2843,0,1,55,615,2843,0,0,0,55,615,2843
灵骢,1,13,38,633,1,0,13,38,633,13,38,633,0,0,0
啃jio的小不点,1,25,237,663,1,0,25,237,663,25,237,663,0,0,0
BornForYEE易烊千玺,1,373,81,1094,1,0,373,81,1094,373,81,1094,0,0,0
周蓬安,1,126,391,1316,1,0,126,391,1316,126,391,1316,0,0,0
BZMeetJacksonYee,1,568,131,1190,1,0,568,131,1190,568,131,1190,0,0,0
易先森的不二仙鹤,1,5,6,70,1,0,5,6,70,5,6,70,0,0,0
每晚睡前故事-,1,147591,146046,120568,0,1,147591,146046,120568,0,0,0,147591,146046,120568
经纬张颖,1,242,298,11015,1,0,242,298,11015,242,298,11015,0,0,0
八组兔区菌,1,77,130,961,1,0,77,130,961,77,130,961,0,0,0
imaginistlovecc,1,59,127,1502,1,0,59,127,1502,59,127,1502,0,0,0
Rosalynly,1,13,20,100,1,0,13,20,100,13,20,100,0,0,0
CPA注会之家,1,49,2,51,1,0,49,2,51,49,2,51,0,0,0
Natalie王屹芝,1,9,80,148,0,1,9,80,148,0,0,0,9,80,148
电影芒斯特,1,413,158,1650,1,0,413,158,1650,413,158,1650,0,0,0
我为人民看电影,1,296,830,4487,1,0,296,830,4487,296,830,4487,0,0,0
瑞记,1,565,63,960,1,0,565,63,960,565,63,960,0,0,0
戏精娱乐,1,110,77,1172,0,1,110,77,1172,0,0,0,110,77,1172
商业财经观察,1,318,708,4423,0,1,318,708,4423,0,0,0,318,708,4423
Mr_FAN先生,1,620,266,6503,0,1,620,266,6503,0,0,0,620,266,6503
蒋校长,1,849,1439,10169,0,1,849,1439,10169,0,0,0,849,1439,10169
阿闷aman,1,7420,3081,42692,1,0,7420,3081,42692,7420,3081,42692,0,0,0
吃一口甜,1,488,1057,2169,1,0,488,1057,2169,488,1057,2169,0,0,0
最热奇闻趣事,1,269,35,441,0,1,269,35,441,0,0,0,269,35,441
科技小Q,1,158,101,82,1,0,158,101,82,158,101,82,0,0,0
一人谈视频,1,386,106,405,1,0,386,106,405,386,106,405,0,0,0
头号患者,1,70,34,675,1,0,70,34,675,70,34,675,0,0,0
李丨想丨主丨义,1,645,85,1351,1,0,645,85,1351,645,85,1351,0,0,0
小九月,1,1221,1099,1061,1,0,1221,1099,1061,1221,1099,1061,0,0,0
北岛哥哥,1,13,15,1024,0,1,13,15,1024,0,0,0,13,15,1024
菜鸡觉得猴头菇其实不能做刺身,1,11,16,79,0,1,11,16,79,0,0,0,11,16,79
芒果先生,1,10,656,1287,0,1,10,656,1287,0,0,0,10,656,1287
媛紫酱,1,5,74,246,0,1,5,74,246,0,0,0,5,74,246
悲伤男孩,1,32,54,320,1,0,32,54,320,32,54,320,0,0,0
还是一碗泡面,1,4,56,206,1,0,4,56,206,4,56,206,0,0,0
没节操,1,17,16,335,1,0,17,16,335,17,16,335,0,0,0
信shin国际歌迷会,1,20,19,78,1,0,20,19,78,20,19,78,0,0,0
天天睡不醒,1,666,588,10540,0,1,666,588,10540,0,0,0,666,588,10540
Saku哲君,1,111,47,658,1,0,111,47,658,111,47,658,0,0,0
Yc御晨,1,63,1367,4327,1,0,63,1367,4327,63,1367,4327,0,0,0
陆建华摄影,1,22,16,87,1,0,22,16,87,22,16,87,0,0,0
一直在路上一起看世界,1,218,438,1589,1,0,218,438,1589,218,438,1589,0,0,0
西北工业大学,1,7,8,42,0,1,7,8,42,0,0,0,7,8,42
冉辞旧小梦,1,8,19,107,1,0,8,19,107,8,19,107,0,0,0
成为简·,1,190,162,2863,1,0,190,162,2863,190,162,2863,0,0,0
陷入烊的美好,1,162,84,3861,1,0,162,84,3861,162,84,3861,0,0,0
张忆安-龙战于野,1,11660,2463,14506,0,1,11660,2463,14506,0,0,0,11660,2463,14506
千岛环游,1,368,229,2077,1,0,368,229,2077,368,229,2077,0,0,0
中国军视网,1,1189,445,5970,1,0,1189,445,5970,1189,445,5970,0,0,0
SNH49-玖菜合子,1,9,12,211,1,0,9,12,211,9,12,211,0,0,0
别是个沙雕吧,1,378,551,1245,1,0,378,551,1245,378,551,1245,0,0,0
女性之声,1,30,11,94,1,0,30,11,94,30,11,94,0,0,0
娱炮,1,12,16,1411,0,1,12,16,1411,0,0,0,12,16,1411
战五渣coc,1,47,197,608,0,1,47,197,608,0,0,0,47,197,608
南京理工大学,1,81,60,463,1,0,81,60,463,81,60,463,0,0,0
合肥工业大学,1,110,56,443,1,0,110,56,443,110,56,443,0,0,0
青子wj,1,13,12,108,1,0,13,12,108,13,12,108,0,0,0
微彰琦谈,1,111,174,990,1,0,111,174,990,111,174,990,0,0,0
长春人的长春事儿,1,232,336,26359,1,0,232,336,26359,232,336,26359,0,0,0
一只粉色的锦鲤兔,1,407,336,29050,1,0,407,336,29050,407,336,29050,0,0,0
爱莉丝RUN,1,15,218,2997,0,1,15,218,2997,0,0,0,15,218,2997
随意的静静yu,1,588,313,1246,0,1,588,313,1246,0,0,0,588,313,1246
四川大学,1,13,20,237,1,0,13,20,237,13,20,237,0,0,0
闪耀暖暖,1,28,1213,11196,1,0,28,1213,11196,28,1213,11196,0,0,0
笑魔怔了,1,39,452,1943,1,0,39,452,1943,39,452,1943,0,0,0
治愈动漫社,1,41,19,155,1,0,41,19,155,41,19,155,0,0,0
环球震惊局,1,69,103,1258,0,1,69,103,1258,0,0,0,69,103,1258
林中白狼,1,58,50,189,0,1,58,50,189,0,0,0,58,50,189
乌哩哩_魔小怪,1,4758,1036,4675,1,0,4758,1036,4675,4758,1036,4675,0,0,0
两朵金花,1,14,65,354,0,1,14,65,354,0,0,0,14,65,354
IT互联网电商资讯,1,742,476,549,0,1,742,476,549,0,0,0,742,476,549
王国纪元,1,4551,207,265,1,0,4551,207,265,4551,207,265,0,0,0
BFTK线向上,1,35,81,917,0,1,35,81,917,0,0,0,35,81,917
高龄玩家老陈,1,541,393,1140,1,0,541,393,1140,541,393,1140,0,0,0
_承辞,1,80,181,851,1,0,80,181,851,80,181,851,0,0,0
小白有品-小黑,1,47,28,244,1,0,47,28,244,47,28,244,0,0,0
Moran_努力做好前辈饭,1,253,32,313,1,0,253,32,313,253,32,313,0,0,0
蛋哥sty,1,34,251,1246,0,1,34,251,1246,0,0,0,34,251,1246
华南理工大学学生会,1,313,142,73,1,0,313,142,73,313,142,73,0,0,0
喵王-搞机,1,84,714,3854,0,1,84,714,3854,0,0,0,84,714,3854
梁斌penny,1,34,73,283,1,0,34,73,283,34,73,283,0,0,0
崔小柒不思基,1,48,42,276,0,1,48,42,276,0,0,0,48,42,276
中国维和警察,1,21,66,443,1,0,21,66,443,21,66,443,0,0,0
易烊千玺云南粉丝团,1,144,49,221,1,0,144,49,221,144,49,221,0,0,0
防务君,1,57,113,303,0,1,57,113,303,0,0,0,57,113,303
王建伟1988,1,149,261,1013,0,1,149,261,1013,0,0,0,149,261,1013
穆童-FunkyTomin,1,10,94,260,1,0,10,94,260,10,94,260,0,0,0
易烊千玺吉林粉丝团,1,9,14,67,1,0,9,14,67,9,14,67,0,0,0
summeluvw,1,20,5,25,1,0,20,5,25,20,5,25,0,0,0
JC俊1111,1,12,91,720,1,0,12,91,720,12,91,720,0,0,0
黄景瑜工作室,1,4021,2157,10568,1,0,4021,2157,10568,4021,2157,10568,0,0,0
比修兔,1,308,453,1240,1,0,308,453,1240,308,453,1240,0,0,0
主持人常晓航,1,253,219,777,1,0,253,219,777,253,219,777,0,0,0
设计全球,1,33,2,99,1,0,33,2,99,33,2,99,0,0,0
梦遗唐朝,1,591,95,1694,0,1,591,95,1694,0,0,0,591,95,1694
借图,1,15,46,10379,1,0,15,46,10379,15,46,10379,0,0,0
心阅读者,1,14,132,9164,1,0,14,132,9164,14,132,9164,0,0,0
Pengnone,1,47,536,1736,1,0,47,536,1736,47,536,1736,0,0,0
沸点娱乐,1,288,443,3360,1,0,288,443,3360,288,443,3360,0,0,0
三峡大学,1,34,49,281,1,0,34,49,281,34,49,281,0,0,0
Ai5424,1,29,959,2885,0,1,29,959,2885,0,0,0,29,959,2885
不咕咕的嘎嘎,1,35,130,265,1,0,35,130,265,35,130,265,0,0,0
东南大学,1,4,8,95,1,0,4,8,95,4,8,95,0,0,0
剧综星闻,1,943,1446,2057,1,0,943,1446,2057,943,1446,2057,0,0,0
科技头条,1,40,238,839,0,1,40,238,839,0,0,0,40,238,839
德阳爆料王,1,19,19,4991,0,1,19,19,4991,0,0,0,19,19,4991
一只草莓Tong,1,46,469,2136,0,1,46,469,2136,0,0,0,46,469,2136
如厕必备读物,1,254,21,81,1,0,254,21,81,254,21,81,0,0,0
Nanoka,1,51,16,389,1,0,51,16,389,51,16,389,0,0,0
杨建国,1,135,105,230,1,0,135,105,230,135,105,230,0,0,0
冬的颜色,1,155,37,175,0,1,155,37,175,0,0,0,155,37,175
光明日报,1,26,18,140,1,0,26,18,140,26,18,140,0,0,0
笑话,1,10,38,202,1,0,10,38,202,10,38,202,0,0,0
深圳同城,1,277,540,31001,0,1,277,540,31001,0,0,0,277,540,31001
黑猫投诉,1,8,84,4499,0,1,8,84,4499,0,0,0,8,84,4499
昵称是马甲家的大学生,1,328,91,1046,1,0,328,91,1046,328,91,1046,0,0,0
枣庄身边事,1,93,255,1822,1,0,93,255,1822,93,255,1822,0,0,0
Bunny要淡定,1,37,36,208,0,1,37,36,208,0,0,0,37,36,208
娱乐潮流,1,527,676,1364,0,1,527,676,1364,0,0,0,527,676,1364
扒圈圈,1,874,604,1368,1,0,874,604,1368,874,604,1368,0,0,0
文明成都,1,6,6,2822,1,0,6,6,2822,6,6,2822,0,0,0
深圳热门资讯,1,42,53,301,1,0,42,53,301,42,53,301,0,0,0
我的前任是个极品,1,546,551,983,0,1,546,551,983,0,0,0,546,551,983
娱闻少女,1,539,722,1980,1,0,539,722,1980,539,722,1980,0,0,0
蒋梦婕,1,6964,6496,4286,1,0,6964,6496,4286,6964,6496,4286,0,0,0
二更视频,1,449,241,2204,1,0,449,241,2204,449,241,2204,0,0,0
走啤,1,18,356,2120,0,1,18,356,2120,0,0,0,18,356,2120
股坛令狐冲,1,144,135,146,0,1,144,135,146,0,0,0,144,135,146
_princess幽靈,1,18,28,365,1,0,18,28,365,18,28,365,0,0,0
11点28分不打烊,1,2525,365,5625,1,0,2525,365,5625,2525,365,5625,0,0,0
粉笔袁东,1,46,42,395,0,1,46,42,395,0,0,0,46,42,395
看书有道,1,75,183,387,1,0,75,183,387,75,183,387,0,0,0
易烊千玺湖南粉丝团,1,428,111,916,1,0,428,111,916,428,111,916,0,0,0
幽默风趣笑话,1,83,43,825,1,0,83,43,825,83,43,825,0,0,0
糖雪球真好吃,1,4,160,1914,0,1,4,160,1914,0,0,0,4,160,1914
Obrucev,1,18,47,56,1,0,18,47,56,18,47,56,0,0,0
颖宝亲菁,1,7,154,263,1,0,7,154,263,7,154,263,0,0,0
搞笑联盟视频集锦,1,14,56,412,1,0,14,56,412,14,56,412,0,0,0
刘宪华今天开演唱会了吗,1,29,56,270,1,0,29,56,270,29,56,270,0,0,0
商业周刊中文版,1,12,12,49,1,0,12,12,49,12,12,49,0,0,0
笑迷糊了,1,15,84,308,0,1,15,84,308,0,0,0,15,84,308
程老湿爱吐槽,1,210,62,438,1,0,210,62,438,210,62,438,0,0,0
劉小燃Nora,1,86,34,36,1,0,86,34,36,86,34,36,0,0,0
莱茵来因,1,25,6,58,0,1,25,6,58,0,0,0,25,6,58
传奇学长,1,1209,1164,1144,1,0,1209,1164,1144,1209,1164,1144,0,0,0
Infoanalyst,1,120,88,450,0,1,120,88,450,0,0,0,120,88,450
陈九霖,1,97,52,123,0,1,97,52,123,0,0,0,97,52,123
真当没想到,1,23,120,283,0,1,23,120,283,0,0,0,23,120,283
脱非兔,1,14,190,334,1,0,14,190,334,14,190,334,0,0,0
舒克-宋寅,1,561,424,2772,1,0,561,424,2772,561,424,2772,0,0,0
捡到瓶子要藏好,1,11,124,930,1,0,11,124,930,11,124,930,0,0,0
-阿莘-,1,76,672,8105,0,1,76,672,8105,0,0,0,76,672,8105
FarPoint-Dax,1,264,21,216,0,1,264,21,216,0,0,0,264,21,216
财宝宝,1,60,211,1612,0,1,60,211,1612,0,0,0,60,211,1612
和讯网,1,68,102,832,0,1,68,102,832,0,0,0,68,102,832
周小晨kiki,1,401,760,1741,1,0,401,760,1741,401,760,1741,0,0,0
刘喵嘿,1,587,11,236,1,0,587,11,236,587,11,236,0,0,0
提刀探花在缅北,1,95,179,2200,1,0,95,179,2200,95,179,2200,0,0,0
奶烊糖小哥哥,1,95,39,714,1,0,95,39,714,95,39,714,0,0,0
营销号,1,29,64,921,1,0,29,64,921,29,64,921,0,0,0
娱News,1,139,142,24471,1,0,139,142,24471,139,142,24471,0,0,0
搞机宇宇,1,88,270,35659,0,1,88,270,35659,0,0,0,88,270,35659
东风快递,1,142,380,3719,1,0,142,380,3719,142,380,3719,0,0,0
蘑菇的二姐,1,304,265,2708,1,0,304,265,2708,304,265,2708,0,0,0
王自如ZEALER,1,175,579,3349,1,0,175,579,3349,175,579,3349,0,0,0
莫非是托的微博,1,1692,504,3071,1,0,1692,504,3071,1692,504,3071,0,0,0
翼飞书画,1,269,282,2375,1,0,269,282,2375,269,282,2375,0,0,0
特磊弗,1,2104,177,785,1,0,2104,177,785,2104,177,785,0,0,0
圆圆的圆圆的ZYY,1,1250,145,1931,1,0,1250,145,1931,1250,145,1931,0,0,0
烊吃了若若的草,1,129,52,1941,1,0,129,52,1941,129,52,1941,0,0,0
奔跑的甜筒921,1,201,2013,10509,1,0,201,2013,10509,201,2013,10509,0,0,0
证券之星官方微博,1,87,0,1139,1,0,87,0,1139,87,0,1139,0,0,0
椒盐沙鱼,1,117,18,148,1,0,117,18,148,117,18,148,0,0,0
兴坨的小迷妹,1,2970,1009,9968,0,1,2970,1009,9968,0,0,0,2970,1009,9968
张腾岳,1,39,178,478,1,0,39,178,478,39,178,478,0,0,0
Henry_麻麻,1,20,103,691,1,0,20,103,691,20,103,691,0,0,0
官网君,1,19,54,2774,1,0,19,54,2774,19,54,2774,0,0,0
猪丫_肖赞干货,1,8,189,2885,1,0,8,189,2885,8,189,2885,0,0,0
L小阿姨,1,1991,1103,13552,0,1,1991,1103,13552,0,0,0,1991,1103,13552
大话西游手游,1,1297,1310,8820,1,0,1297,1310,8820,1297,1310,8820,0,0,0
柠檬木聚糖,1,130,419,1313,0,1,130,419,1313,0,0,0,130,419,1313
拾柒Lynne,1,21,1738,1473,1,0,21,1738,1473,21,1738,1473,0,0,0
端姐姐-H3,1,120,390,3435,0,1,120,390,3435,0,0,0,120,390,3435
顾北辰不是顾志摩,1,115,482,4779,0,1,115,482,4779,0,0,0,115,482,4779
读书官网,1,3410,2295,630129,1,0,3410,2295,630129,3410,2295,630129,0,0,0
红色军火商,1,510,310,3586,0,1,510,310,3586,0,0,0,510,310,3586
李沛超,1,52,91,304,1,0,52,91,304,52,91,304,0,0,0
康斯坦丁,1,127,208,568,1,0,127,208,568,127,208,568,0,0,0
天水王先森,1,29,318,763,0,1,29,318,763,0,0,0,29,318,763
申一帆,1,24,33,327,1,0,24,33,327,24,33,327,0,0,0
有盐电影,1,2429,511,2930,1,0,2429,511,2930,2429,511,2930,0,0,0
爆笑小蘑菇,1,13,23,3238,1,0,13,23,3238,13,23,3238,0,0,0
圈内那些破事儿,1,8,366,2038,1,0,8,366,2038,8,366,2038,0,0,0
没有感情的小星星,1,24,27,659,1,0,24,27,659,24,27,659,0,0,0
金温江,1,13,22,2997,0,1,13,22,2997,0,0,0,13,22,2997
娱乐界的那点事,1,151,222,1788,1,0,151,222,1788,151,222,1788,0,0,0
生肉怪,1,61,276,1272,0,1,61,276,1272,0,0,0,61,276,1272
M孟佳J,1,56,217,2896,1,0,56,217,2896,56,217,2896,0,0,0
刘老师说电影,1,4222,2846,8741,1,0,4222,2846,8741,4222,2846,8741,0,0,0
老邪说电影,1,12024,3410,16024,1,0,12024,3410,16024,12024,3410,16024,0,0,0
Parouersi,1,12,83,563,1,0,12,83,563,12,83,563,0,0,0
贵港网警巡查执法,1,8,18,5973,1,0,8,18,5973,8,18,5973,0,0,0
陈浩民benny,1,7,89,582,1,0,7,89,582,7,89,582,0,0,0
南话楼,1,2164,4730,36159,0,1,2164,4730,36159,0,0,0,2164,4730,36159
战甲装研菌,1,8388,1450,46014,1,0,8388,1450,46014,8388,1450,46014,0,0,0
成都地铁,1,13,49,4895,0,1,13,49,4895,0,0,0,13,49,4895
驰谌,1,15,1,26,1,0,15,1,26,15,1,26,0,0,0
胡的小草莓,1,14,38,229,0,1,14,38,229,0,0,0,14,38,229
鱼山路99号,1,384,265,1084,1,0,384,265,1084,384,265,1084,0,0,0
爱搞怪的刘战神,1,188,430,9576,0,1,188,430,9576,0,0,0,188,430,9576
90后,1,88,238,3089,0,1,88,238,3089,0,0,0,88,238,3089
氧气氪,1,92,268,4189,1,0,92,268,4189,92,268,4189,0,0,0
中青网新闻中心,1,134,189,2209,1,0,134,189,2209,134,189,2209,0,0,0
糖果Guitar,1,36,41,796,0,1,36,41,796,0,0,0,36,41,796
韩复龄,1,275,369,3860,0,1,275,369,3860,0,0,0,275,369,3860
污大姐,1,95,207,2112,1,0,95,207,2112,95,207,2112,0,0,0
奇趣怪蜀黍,1,6,19,201,1,0,6,19,201,6,19,201,0,0,0
大朙时尚搭配频道,1,337,187,180,1,0,337,187,180,337,187,180,0,0,0
日食记,1,17890,9575,106254,1,0,17890,9575,106254,17890,9575,106254,0,0,0
华夏时报,1,142,273,7539,0,1,142,273,7539,0,0,0,142,273,7539
分手别把锅拿走啊,1,461,481,4993,0,1,461,481,4993,0,0,0,461,481,4993
三分钟看电影,1,152,154,1512,0,1,152,154,1512,0,0,0,152,154,1512
笨笨搞机,1,24,84,10204,1,0,24,84,10204,24,84,10204,0,0,0
恋与制作人手游攻略,1,31,243,1203,1,0,31,243,1203,31,243,1203,0,0,0
大叔神吐槽,1,381,353,4785,0,1,381,353,4785,0,0,0,381,353,4785
不拉不拉不拉哼,1,62,41,161,1,0,62,41,161,62,41,161,0,0,0
金箍棒看天下,1,60,48,1042,1,0,60,48,1042,60,48,1042,0,0,0
ThrowingStars·胡春杨,1,1489,270,1862,1,0,1489,270,1862,1489,270,1862,0,0,0
未来的方书剑,1,1536,2267,13399,1,0,1536,2267,13399,1536,2267,13399,0,0,0
一月灵九·灵超,1,1750,652,2423,1,0,1750,652,2423,1750,652,2423,0,0,0
UNPARALLELED灵超,1,1103,421,1427,1,0,1103,421,1427,1103,421,1427,0,0,0
OudSaphir0421·木子洋,1,666,131,575,1,0,666,131,575,666,131,575,0,0,0
ohako,1,2584,432,1150,1,0,2584,432,1150,2584,432,1150,0,0,0
林一的自习室,1,871,1137,3055,1,0,871,1137,3055,871,1137,3055,0,0,0
林渝植Anoryz,1,0,0,0,1,0,0,0,0,0,0,0,0,0,0
流光记__灵超,1,454,45,393,1,0,454,45,393,454,45,393,0,0,0
春林初盛丨胡春杨,1,614,175,1062,1,0,614,175,1062,614,175,1062,0,0,0
麦迪娜,1,0,0,0,1,0,0,0,0,0,0,0,0,0,0
Endymion_0126宋继扬,1,241,113,573,1,0,241,113,573,241,113,573,0,0,0
周觅MI,1,6383,2464,7292,1,0,6383,2464,7292,6383,2464,7292,0,0,0
丨木子洋·PLUMAGE丨,1,245,31,296,1,0,245,31,296,245,31,296,0,0,0
马振桓Evan,1,879,1176,2643,1,0,879,1176,2643,879,1176,2643,0,0,0
歌·颂Eulogize_李振宁,1,496,428,2766,1,0,496,428,2766,496,428,2766,0,0,0
LunaRelumbrar_0711,1,248,38,269,1,0,248,38,269,248,38,269,0,0,0
Infinity·胡春杨,1,331,96,660,0,1,331,96,660,0,0,0,331,96,660
缱绻清泉·李振宁,1,311,266,1069,1,0,311,266,1069,311,266,1069,0,0,0
TyphoonEye·胡春杨,1,496,105,780,1,0,496,105,780,496,105,780,0,0,0
搞笑公,1,847,910,12863,0,1,847,910,12863,0,0,0,847,910,12863
PlumWine1105丨李振宁,1,179,121,722,1,0,179,121,722,179,121,722,0,0,0
版萌DDK,1,148,221,1643,1,0,148,221,1643,148,221,1643,0,0,0
刘玉翠Rain,1,7,58,307,1,0,7,58,307,7,58,307,0,0,0
云烟过境丨木子洋KWIN,1,43,10,144,0,1,43,10,144,0,0,0,43,10,144
小餓图很多么,1,203,231,745,1,0,203,231,745,203,231,745,0,0,0
木子洋KWIN,1,16864,8355,88261,1,0,16864,8355,88261,16864,8355,88261,0,0,0
灵超DIDI,1,16241,5365,105526,1,0,16241,5365,105526,16241,5365,105526,0,0,0
岳岳PINKRAY,1,12177,2778,77578,0,1,12177,2778,77578,0,0,0,12177,2778,77578
gentlemonsterofficial,1,65036,1307,63412,1,0,65036,1307,63412,65036,1307,63412,0,0,0
Logical_岳岳pinkray安利博,1,316,48,373,1,0,316,48,373,316,48,373,0,0,0
gogoboi,1,80,431,5735,1,0,80,431,5735,80,431,5735,0,0,0
方书剑的小杂役,1,831,451,2507,1,0,831,451,2507,831,451,2507,0,0,0
SailorMoon0421_木子洋,1,252,138,448,1,0,252,138,448,252,138,448,0,0,0
中广时代,1,3774,223,5228,1,0,3774,223,5228,3774,223,5228,0,0,0
北京生活杂志,1,1077,189,1265,1,0,1077,189,1265,1077,189,1265,0,0,0
新闻夜航,1,18,64,8373,0,1,18,64,8373,0,0,0,18,64,8373
武汉来了,1,125,690,626,1,0,125,690,626,125,690,626,0,0,0
为什么这么爱吃土豆啊,1,12,1026,3814,1,0,12,1026,3814,12,1026,3814,0,0,0
一川风月·宋继扬,1,56,22,164,1,0,56,22,164,56,22,164,0,0,0
尚武菌,1,344,37,268,1,0,344,37,268,344,37,268,0,0,0
IT互联网老鬼,1,1716,2140,1167,1,0,1716,2140,1167,1716,2140,1167,0,0,0
V大豫先生,1,170,221,1536,1,0,170,221,1536,170,221,1536,0,0,0
吃瓜鹅每日爆料,1,22,214,2069,1,0,22,214,2069,22,214,2069,0,0,0
污底线女神,1,67,144,1183,0,1,67,144,1183,0,0,0,67,144,1183
快看漫画,1,5,17,313,1,0,5,17,313,5,17,313,0,0,0
林煐岷的六崽,1,50,9,102,1,0,50,9,102,50,9,102,0,0,0
腾腾爸,1,30,51,285,1,0,30,51,285,30,51,285,0,0,0
肥威,1,11,72,90,1,0,11,72,90,11,72,90,0,0,0
留烽,1,7,67,203,1,0,7,67,203,7,67,203,0,0,0
吃瓜姐妹,1,225,316,23400,1,0,225,316,23400,225,316,23400,0,0,0
海龟先生乐队,1,0,0,0,1,0,0,0,0,0,0,0,0,0,0
朱孝天,1,29,124,847,1,0,29,124,847,29,124,847,0,0,0
李亚玲,1,5,151,385,1,0,5,151,385,5,151,385,0,0,0
管栎全球后援会,1,86,62,327,1,0,86,62,327,86,62,327,0,0,0
ruanyf,1,713,113,514,1,0,713,113,514,713,113,514,0,0,0
武了个汉,1,14,282,279,1,0,14,282,279,14,282,279,0,0,0
李现ing安琪拉,1,9,556,1195,1,0,9,556,1195,9,556,1195,0,0,0
李晨工作室,1,81,94,522,1,0,81,94,522,81,94,522,0,0,0
金丝儿小炸,1,5,6,71,1,0,5,6,71,5,6,71,0,0,0
魅丽郑州,1,114,163,1148,1,0,114,163,1148,114,163,1148,0,0,0
新浪上海,1,106,88,24,1,0,106,88,24,106,88,24,0,0,0
水晶徐,1,39,216,832,1,0,39,216,832,39,216,832,0,0,0
宜宾同城会,1,62,17,259,1,0,62,17,259,62,17,259,0,0,0
中美博弈官微,1,39,54,531,0,1,39,54,531,0,0,0,39,54,531
火三文鱼家,1,131,24,232,0,1,131,24,232,0,0,0,131,24,232
我才是羽度非凡,1,41,43,370,0,1,41,43,370,0,0,0,41,43,370
深夜徐老师,1,842,1842,8014,1,0,842,1842,8014,842,1842,8014,0,0,0
胡春杨全球后援会,1,127,80,506,1,0,127,80,506,127,80,506,0,0,0
耳帝,1,910,941,2495,1,0,910,941,2495,910,941,2495,0,0,0
搞笑大妹子,1,116,296,5523,1,0,116,296,5523,116,296,5523,0,0,0
鲁大师,1,29,229,488,0,1,29,229,488,0,0,0,29,229,488
学弟帮帮我,1,371,511,1448,0,1,371,511,1448,0,0,0,371,511,1448
马小鱼很自律,1,8,0,172,0,1,8,0,172,0,0,0,8,0,172
瓦子卡,1,217,305,1841,1,0,217,305,1841,217,305,1841,0,0,0
李亦航LYH,1,131,147,661,1,0,131,147,661,131,147,661,0,0,0
一流美女,1,54,58,551,1,0,54,58,551,54,58,551,0,0,0
黄晓明工作室,1,196,174,210,1,0,196,174,210,196,174,210,0,0,0
徐墁倩,1,111,162,845,1,0,111,162,845,111,162,845,0,0,0
股市狼头哥,1,24,19,314,0,1,24,19,314,0,0,0,24,19,314
快乐源泉李小半,1,651,465,694,1,0,651,465,694,651,465,694,0,0,0
风倾叶,1,27,98,3958,1,0,27,98,3958,27,98,3958,0,0,0
贴吧娘,1,78,222,2557,1,0,78,222,2557,78,222,2557,0,0,0
浙江团省委,1,59,14,144,1,0,59,14,144,59,14,144,0,0,0
Instagram热门,1,520,513,1131,1,0,520,513,1131,520,513,1131,0,0,0
郭晓婷,1,7340,4792,17849,1,0,7340,4792,17849,7340,4792,17849,0,0,0
娱乐扒少,1,160,247,1624,1,0,160,247,1624,160,247,1624,0,0,0
豆了一花庚,1,221,73,334,1,0,221,73,334,221,73,334,0,0,0
叫我老伯,1,126,257,1400,1,0,126,257,1400,126,257,1400,0,0,0
无心简影,1,123,160,2253,0,1,123,160,2253,0,0,0,123,160,2253
寧晓言,1,293,1346,40866,1,0,293,1346,40866,293,1346,40866,0,0,0
电竞组,1,353,349,934,1,0,353,349,934,353,349,934,0,0,0
女生宿舍日常,1,234,127,676,1,0,234,127,676,234,127,676,0,0,0
看见,1,30,7,135,1,0,30,7,135,30,7,135,0,0,0
赵盛烨,1,19,101,1362,0,1,19,101,1362,0,0,0,19,101,1362
易千,1,72,35,354,0,1,72,35,354,0,0,0,72,35,354
游戏大腿,1,572,371,1047,1,0,572,371,1047,572,371,1047,0,0,0
朱一旦的枯燥生活,1,47,516,1873,1,0,47,516,1873,47,516,1873,0,0,0
8feeling8,1,72,100,1126,1,0,72,100,1126,72,100,1126,0,0,0
软柿子扒星,1,1085,1713,11904,1,0,1085,1713,11904,1085,1713,11904,0,0,0
少女心事碎片,1,11,21,2006,1,0,11,21,2006,11,21,2006,0,0,0
李现喊我小宝贝儿i,1,31,46,674,1,0,31,46,674,31,46,674,0,0,0
小熊三贱客,1,515,73,2056,1,0,515,73,2056,515,73,2056,0,0,0
观见GLIVE,1,401,6130,10726,1,0,401,6130,10726,401,6130,10726,0,0,0
Simon_阿文,1,120,1032,4417,0,1,120,1032,4417,0,0,0,120,1032,4417
数知实验室,1,6,48,2161,1,0,6,48,2161,6,48,2161,0,0,0
ActorLX_秃头姐妹站,1,125,221,506,1,0,125,221,506,125,221,506,0,0,0
一只鹿白,1,259,368,557,1,0,259,368,557,259,368,557,0,0,0
lightING_李现应援站,1,83,45,533,1,0,83,45,533,83,45,533,0,0,0
Romantic1991·李现,1,58,26,146,1,0,58,26,146,58,26,146,0,0,0
健康成都官微,1,53,29,30,1,0,53,29,30,53,29,30,0,0,0
中国会计视野,1,259,38,480,1,0,259,38,480,259,38,480,0,0,0
Dating_1019丨李现,1,50,21,230,1,0,50,21,230,50,21,230,0,0,0
壮森HangJohnson,1,85,185,297,1,0,85,185,297,85,185,297,0,0,0
手游君,1,150,185,632,1,0,150,185,632,150,185,632,0,0,0
沐子以念,1,23,155,298,1,0,23,155,298,23,155,298,0,0,0
郭建华名师,1,20,99,526,1,0,20,99,526,20,99,526,0,0,0
人间蛇男,1,640,510,2929,1,0,640,510,2929,640,510,2929,0,0,0
范志红_原创营养信息,1,10,156,869,1,0,10,156,869,10,156,869,0,0,0
游识猷,1,716,114,889,1,0,716,114,889,716,114,889,0,0,0
AngelinaZhaoooo,1,31,137,1662,1,0,31,137,1662,31,137,1662,0,0,0
飞屋环游小米粒,1,7,56,514,0,1,7,56,514,0,0,0,7,56,514
王者不修图,1,128,675,5306,1,0,128,675,5306,128,675,5306,0,0,0
游戏男孩阿威,1,1313,208,223,1,0,1313,208,223,1313,208,223,0,0,0
小萌电影,1,347,852,1931,1,0,347,852,1931,347,852,1931,0,0,0
伊利达雷之怒,1,231,331,3615,1,0,231,331,3615,231,331,3615,0,0,0
DaiYon頔_Elean,1,3,114,167,0,1,3,114,167,0,0,0,3,114,167
肖一斤_,1,10078,324,430,0,1,10078,324,430,0,0,0,10078,324,430
岩芳荣,1,130,3,908,1,0,130,3,908,130,3,908,0,0,0
十分关心,1,538,1349,122333,0,1,538,1349,122333,0,0,0,538,1349,122333
果子说_,1,70,410,4107,1,0,70,410,4107,70,410,4107,0,0,0
金星,1,727,5032,114361,1,0,727,5032,114361,727,5032,114361,0,0,0
不冷zz,1,279,354,818,1,0,279,354,818,279,354,818,0,0,0
CAMEL骆驼,1,2761,2640,1241,1,0,2761,2640,1241,2761,2640,1241,0,0,0
去哪儿网,1,2484,2316,1105,1,0,2484,2316,1105,2484,2316,1105,0,0,0
阿氧挠痒,1,12,133,503,1,0,12,133,503,12,133,503,0,0,0
吃瓜少年,1,761,893,1052,1,0,761,893,1052,761,893,1052,0,0,0
店小二来瓶98年的爽歪歪,1,111,112,976,0,1,111,112,976,0,0,0,111,112,976
杨茗茗Ymmmmm,1,15,171,603,1,0,15,171,603,15,171,603,0,0,0
深圳天气,1,8,109,449,1,0,8,109,449,8,109,449,0,0,0
二狗子炒股,1,345,16,208,1,0,345,16,208,345,16,208,0,0,0
宋晓峰,1,72,579,4692,1,0,72,579,4692,72,579,4692,0,0,0
桃之爱吃桃,1,188,136,339,1,0,188,136,339,188,136,339,0,0,0
彩妆师Regina,1,30,54,339,1,0,30,54,339,30,54,339,0,0,0
胡延平Future,1,8,222,376,0,1,8,222,376,0,0,0,8,222,376
猫在飞fly,1,244,44,232,0,1,244,44,232,0,0,0,244,44,232
CCTV6电影频道,1,21,15,110,1,0,21,15,110,21,15,110,0,0,0
邱汐盐咸不咸,1,6,108,508,0,1,6,108,508,0,0,0,6,108,508
一颗甜贝贝,1,1556,475,3696,1,0,1556,475,3696,1556,475,3696,0,0,0
很有道理哇,1,2431,507,4517,1,0,2431,507,4517,2431,507,4517,0,0,0
零度月光坠星河·,1,1029,127,1839,1,0,1029,127,1839,1029,127,1839,0,0,0
漠宏庵,1,376,857,7984,0,1,376,857,7984,0,0,0,376,857,7984
_若愛只如初見,1,17,28,836,1,0,17,28,836,17,28,836,0,0,0
深圳湾小海盗,1,209,17,230,0,1,209,17,230,0,0,0,209,17,230
黄小蕾,1,862,942,5282,1,0,862,942,5282,862,942,5282,0,0,0
沫凡买买买小小号ol每周四直播ol,1,10,1180,933,1,0,10,1180,933,10,1180,933,0,0,0
魔法少女小曷,1,195,81,1059,0,1,195,81,1059,0,0,0,195,81,1059
李是谁的某某某啊,1,131,105,452,1,0,131,105,452,131,105,452,0,0,0
媛文YUANWEN,1,50,38,62,1,0,50,38,62,50,38,62,0,0,0
温柔一個春,1,428,1861,248,1,0,428,1861,248,428,1861,248,0,0,0
视角姬,1,310,322,395,1,0,310,322,395,310,322,395,0,0,0
青岛青年深蓝,1,57,3,58,1,0,57,3,58,57,3,58,0,0,0
爱股票APP,1,150,4,50,1,0,150,4,50,150,4,50,0,0,0
音乐点,1,4039,1434,3917,1,0,4039,1434,3917,4039,1434,3917,0,0,0
中读,1,281,107,74,1,0,281,107,74,281,107,74,0,0,0
通信王峰,1,212,2948,23174,1,0,212,2948,23174,212,2948,23174,0,0,0
何等奇葩,1,86,120,1163,0,1,86,120,1163,0,0,0,86,120,1163
产品大神丶,1,123,886,7180,1,0,123,886,7180,123,886,7180,0,0,0
Blood旌旗,1,574,194,1648,1,0,574,194,1648,574,194,1648,0,0,0
微博搞笑排行榜,1,7322,3678,15110,1,0,7322,3678,15110,7322,3678,15110,0,0,0
扎心学长,1,718,1954,11848,0,1,718,1954,11848,0,0,0,718,1954,11848
三鲜视频,1,816,141,241,1,0,816,141,241,816,141,241,0,0,0
爱爱不哭,1,260,42,209,1,0,260,42,209,260,42,209,0,0,0
痞湿傅,1,39,76,502,0,1,39,76,502,0,0,0,39,76,502
小娴一米八,1,54,280,689,0,1,54,280,689,0,0,0,54,280,689
凉子的狗狗,1,33,494,807,1,0,33,494,807,33,494,807,0,0,0
电影院菌,1,96,16,277,1,0,96,16,277,96,16,277,0,0,0
新剧一直播,1,1145,1726,2430,1,0,1145,1726,2430,1145,1726,2430,0,0,0
我CP明明明明SZD,1,9,19,136,1,0,9,19,136,9,19,136,0,0,0
九卦_,1,25,452,1450,1,0,25,452,1450,25,452,1450,0,0,0
赵琦君Ryan,1,6557,10979,169320,1,0,6557,10979,169320,6557,10979,169320,0,0,0
ChocoHun_吴世勋资源博,1,385,24,574,0,1,385,24,574,0,0,0,385,24,574
来一个可爱多行吗,1,182,90,699,1,0,182,90,699,182,90,699,0,0,0
短片酱,1,23,31,149,0,1,23,31,149,0,0,0,23,31,149
中国地震台网速报,1,7,72,426,1,0,7,72,426,7,72,426,0,0,0
北京人的新鲜事,1,138,203,1712,1,0,138,203,1712,138,203,1712,0,0,0
圈内扒公,1,6813,2384,4663,0,1,6813,2384,4663,0,0,0,6813,2384,4663
彭雪茹Angelina,1,9,148,883,1,0,9,148,883,9,148,883,0,0,0
熊猫大李,1,11,117,194,1,0,11,117,194,11,117,194,0,0,0
王彦霖,1,0,0,0,1,0,0,0,0,0,0,0,0,0,0
南方都市报,1,24,56,10919,1,0,24,56,10919,24,56,10919,0,0,0
紧急呼叫,1,29,126,675,1,0,29,126,675,29,126,675,0,0,0
燕山派,1,527,1076,6280,1,0,527,1076,6280,527,1076,6280,0,0,0
墙角社,1,108,1372,9520,0,1,108,1372,9520,0,0,0,108,1372,9520
芒果咕咕,1,619,103,837,0,1,619,103,837,0,0,0,619,103,837
什么值得买,1,2801,2525,1166,1,0,2801,2525,1166,2801,2525,1166,0,0,0
司徒离曜,1,23,139,1365,1,0,23,139,1365,23,139,1365,0,0,0
你好楠木子,1,2250,2602,3890,1,0,2250,2602,3890,2250,2602,3890,0,0,0
贵圈背后那些事儿,1,144,870,5937,0,1,144,870,5937,0,0,0,144,870,5937
零雨其蒙蒙,1,13,15,176,1,0,13,15,176,13,15,176,0,0,0
娱乐榜姐,1,433,708,1871,1,0,433,708,1871,433,708,1871,0,0,0
娱乐圈小妖,1,1637,1645,3160,1,0,1637,1645,3160,1637,1645,3160,0,0,0
娱乐星事,1,413,798,1767,1,0,413,798,1767,413,798,1767,0,0,0
老师好我叫何同学,1,25428,8684,73468,1,0,25428,8684,73468,25428,8684,73468,0,0,0
我第一灵,1,305,931,3899,1,0,305,931,3899,305,931,3899,0,0,0
经济之声,1,30,0,510,1,0,30,0,510,30,0,510,0,0,0
朴鸣Piaoming,1,22,191,2306,0,1,22,191,2306,0,0,0,22,191,2306
秋田六千,1,2088,243,1223,0,1,2088,243,1223,0,0,0,2088,243,1223
金十四钗,1,9450,5601,8664,1,0,9450,5601,8664,9450,5601,8664,0,0,0
阿术术_咕咕咕,1,468,134,2583,1,0,468,134,2583,468,134,2583,0,0,0
蓝色的雪vg,1,20,674,575,0,1,20,674,575,0,0,0,20,674,575
科技日报,1,78,360,2570,1,0,78,360,2570,78,360,2570,0,0,0
学徒王自健,1,6,147,829,0,1,6,147,829,0,0,0,6,147,829
极品特长生,1,49,303,3312,0,1,49,303,3312,0,0,0,49,303,3312
萧湘A,1,108,24,419,1,0,108,24,419,108,24,419,0,0,0
艺画开天,1,8,65,284,1,0,8,65,284,8,65,284,0,0,0
魔法师蛋小丁,1,16,138,1086,0,1,16,138,1086,0,0,0,16,138,1086
首都经贸大学刘颖,1,7,48,787,1,0,7,48,787,7,48,787,0,0,0
IT总司令,1,429,2630,10519,0,1,429,2630,10519,0,0,0,429,2630,10519
天生黑变白的小小白,1,8,84,292,0,1,8,84,292,0,0,0,8,84,292
行动派琦琦,1,52,72,399,0,1,52,72,399,0,0,0,52,72,399
MrYang杨家成,1,1807,839,5564,1,0,1807,839,5564,1807,839,5564,0,0,0
台灣微時尚,1,105,316,1789,1,0,105,316,1789,105,316,1789,0,0,0
我們是香港警嫂,1,37,971,6571,1,0,37,971,6571,37,971,6571,0,0,0
HK_CC_BEST,1,178,142,1078,0,1,178,142,1078,0,0,0,178,142,1078
大牌姐,1,9,1945,2393,0,1,9,1945,2393,0,0,0,9,1945,2393
逗爱重庆行,1,116,235,986,0,1,116,235,986,0,0,0,116,235,986
是言琛琛哇·,1,133,850,93,1,0,133,850,93,133,850,93,0,0,0
BluesIcinggg,1,165,93,357,1,0,165,93,357,165,93,357,0,0,0
白斌的公法梦,1,8,98,424,1,0,8,98,424,8,98,424,0,0,0
新浪综艺,1,506,806,67924,1,0,506,806,67924,506,806,67924,0,0,0
NuclearEngineer,1,83,65,243,1,0,83,65,243,83,65,243,0,0,0
B·WONG,1,30,37,244,0,1,30,37,244,0,0,0,30,37,244
张佐佐997,1,9,204,270,0,1,9,204,270,0,0,0,9,204,270
蔡小心,1,5,23,99,1,0,5,23,99,5,23,99,0,0,0
4REALlllll,1,100,30,87,0,1,100,30,87,0,0,0,100,30,87
阿苏买什么,1,11,94,227,1,0,11,94,227,11,94,227,0,0,0
本帮-,1,71,128,1329,1,0,71,128,1329,71,128,1329,0,0,0
灵魂股手林优秀,1,19,49,260,0,1,19,49,260,0,0,0,19,49,260
道定,1,6,72,180,1,0,6,72,180,6,72,180,0,0,0
忙碌的嘎嘎,1,42,278,1365,1,0,42,278,1365,42,278,1365,0,0,0
CCTV4,1,120,72,319,0,1,120,72,319,0,0,0,120,72,319
暴躁的颜值,1,33,48,298,1,0,33,48,298,33,48,298,0,0,0
斯蒂芬-库里,1,36,290,1075,0,1,36,290,1075,0,0,0,36,290,1075
缺伯牙,1,6,58,3037,0,1,6,58,3037,0,0,0,6,58,3037
深圳美食酱,1,159,15,126,1,0,159,15,126,159,15,126,0,0,0
高密普法,1,14,24,167,1,0,14,24,167,14,24,167,0,0,0
我有一个好故事,1,294,115,42,1,0,294,115,42,294,115,42,0,0,0
自助找券淘宝优惠券领券,1,13,2,307,1,0,13,2,307,13,2,307,0,0,0
和烊烊一起数星星的女孩,1,16,10,96,0,1,16,10,96,0,0,0,16,10,96
Mr孙宁,1,23,114,279,0,1,23,114,279,0,0,0,23,114,279
路意Louis,1,18,23,190,0,1,18,23,190,0,0,0,18,23,190
快测评,1,5,15,131,1,0,5,15,131,5,15,131,0,0,0
LUCAS_韩,1,6,76,151,0,1,6,76,151,0,0,0,6,76,151
幽畜在此出题组,1,1209,655,1566,1,0,1209,655,1566,1209,655,1566,0,0,0
伍志勋-,1,1055,1113,919,1,0,1055,1113,919,1055,1113,919,0,0,0
大猫妈妈__,1,31,1122,2294,0,1,31,1122,2294,0,0,0,31,1122,2294
掌阅生活,1,92,47,477,0,1,92,47,477,0,0,0,92,47,477
BOBOsuper_圆七,1,86,25,134,1,0,86,25,134,86,25,134,0,0,0
卢晓周,1,22,20,137,1,0,22,20,137,22,20,137,0,0,0
阳阳你好,1,7,45,197,1,0,7,45,197,7,45,197,0,0,0
深圳木子,1,6,20,1162,1,0,6,20,1162,6,20,1162,0,0,0
Anzujaamu,1,85,151,1180,1,0,85,151,1180,85,151,1180,0,0,0
大锅只是喝醉,1,49,724,4135,0,1,49,724,4135,0,0,0,49,724,4135
唐逸雯Even,1,2482,4582,5775,1,0,2482,4582,5775,2482,4582,5775,0,0,0
無風即風,1,103,217,761,1,0,103,217,761,103,217,761,0,0,0
罗威-泡茶聊股票,1,23,74,729,0,1,23,74,729,0,0,0,23,74,729
来自星星的白菜,1,11,2,191,0,1,11,2,191,0,0,0,11,2,191
APP帝,1,93,105,136,1,0,93,105,136,93,105,136,0,0,0
北平贱客,1,746,1520,3240,0,1,746,1520,3240,0,0,0,746,1520,3240
房价之外,1,149,102,861,1,0,149,102,861,149,102,861,0,0,0
雨霁天晴0722,1,103,45,286,1,0,103,45,286,103,45,286,0,0,0
新浪电影,1,208,281,3606,1,0,208,281,3606,208,281,3606,0,0,0
西平郡司马,1,548,200,3248,1,0,548,200,3248,548,200,3248,0,0,0
猎豹队长雷华SAMA,1,6,66,1591,0,1,6,66,1591,0,0,0,6,66,1591
金剪刀开箱,1,56,75,737,0,1,56,75,737,0,0,0,56,75,737
我有锅阿,1,32,46,211,0,1,32,46,211,0,0,0,32,46,211
东海信箱,1,270,203,2827,1,0,270,203,2827,270,203,2827,0,0,0
顾婠柠,1,76,438,1528,1,0,76,438,1528,76,438,1528,0,0,0
王北车,1,232,858,1600,1,0,232,858,1600,232,858,1600,0,0,0
烟RAN暖_就让我变成回忆,1,106,43,375,0,1,106,43,375,0,0,0,106,43,375
梦想科技开,1,11,79,180,0,1,11,79,180,0,0,0,11,79,180
我爱重庆,1,15,11,173,1,0,15,11,173,15,11,173,0,0,0
马艳丽,1,18,32,148,1,0,18,32,148,18,32,148,0,0,0
这才是英国,1,73,269,2055,1,0,73,269,2055,73,269,2055,0,0,0
微型计算机官方微博,1,76,812,2315,1,0,76,812,2315,76,812,2315,0,0,0
岳屾山,1,38,226,1308,0,1,38,226,1308,0,0,0,38,226,1308
花花好巧,1,12,2,118,1,0,12,2,118,12,2,118,0,0,0
转转APP,1,22,35,1052,1,0,22,35,1052,22,35,1052,0,0,0
有趣青年的修养,1,41,54,51,0,1,41,54,51,0,0,0,41,54,51
HE王威RO,1,4,331,2048,1,0,4,331,2048,4,331,2048,0,0,0
老张评论,1,701,347,1950,1,0,701,347,1950,701,347,1950,0,0,0
了不起的中国制造,1,30,60,1585,1,0,30,60,1585,30,60,1585,0,0,0
张小厚Terry,1,37,184,740,1,0,37,184,740,37,184,740,0,0,0
极品扒姐,1,92,913,1508,1,0,92,913,1508,92,913,1508,0,0,0
风的节奏吹,1,109,299,1007,1,0,109,299,1007,109,299,1007,0,0,0
六扇门之手,1,140,787,4506,0,1,140,787,4506,0,0,0,140,787,4506
Fashion-Coolest,1,969,1064,2609,1,0,969,1064,2609,969,1064,2609,0,0,0
张很饿,1,4098,371,1402,1,0,4098,371,1402,4098,371,1402,0,0,0
常飞飞-飞飞,1,505,1179,10385,1,0,505,1179,10385,505,1179,10385,0,0,0
长岛第一太妃糖_kaokao,1,165,92,446,1,0,165,92,446,165,92,446,0,0,0
FashionPunch,1,1076,1281,2015,1,0,1076,1281,2015,1076,1281,2015,0,0,0
专业戳轮胎熊律师,1,100,491,3077,1,0,100,491,3077,100,491,3077,0,0,0
明星娱乐头条,1,84,161,785,1,0,84,161,785,84,161,785,0,0,0
大碗姐,1,118,5,142,1,0,118,5,142,118,5,142,0,0,0
GIF酱酱,1,360,932,4915,0,1,360,932,4915,0,0,0,360,932,4915
_就是一个用户,1,223,171,638,0,1,223,171,638,0,0,0,223,171,638
运营商NEWS,1,790,360,3836,0,1,790,360,3836,0,0,0,790,360,3836
电影贩,1,1232,393,1960,1,0,1232,393,1960,1232,393,1960,0,0,0
易烊千玺新粉驻地,1,57,22,182,1,0,57,22,182,57,22,182,0,0,0
cm冲鸭,1,12,198,1854,0,1,12,198,1854,0,0,0,12,198,1854
协和尹佳,1,11,11,123,1,0,11,11,123,11,11,123,0,0,0
有故事的皮同学,1,255,249,2244,1,0,255,249,2244,255,249,2244,0,0,0
Fashiontalker,1,382,426,2789,1,0,382,426,2789,382,426,2789,0,0,0
芒果捞小白,1,414,493,1521,1,0,414,493,1521,414,493,1521,0,0,0
小许小许芳心暗许-,1,71,529,172,1,0,71,529,172,71,529,172,0,0,0
萝卜糖桃桃的抖森喵,1,229,107,102,1,0,229,107,102,229,107,102,0,0,0
颜土豆avi,1,809,341,455,1,0,809,341,455,809,341,455,0,0,0
刘码露,1,63,137,451,1,0,63,137,451,63,137,451,0,0,0
溯暮,1,160,676,75,0,1,160,676,75,0,0,0,160,676,75
书勇官方微博,1,1701,463,170,1,0,1701,463,170,1701,463,170,0,0,0
春生工作室,1,11,28,163,1,0,11,28,163,11,28,163,0,0,0
壁花小姐在厨房健身,1,280,456,484,1,0,280,456,484,280,456,484,0,0,0
Cars-Power,1,14,33,7647,1,0,14,33,7647,14,33,7647,0,0,0
互联网八爷,1,22,218,794,0,1,22,218,794,0,0,0,22,218,794
世间几人白凤九,1,1386,297,1608,1,0,1386,297,1608,1386,297,1608,0,0,0
广州天气,1,1002,598,213,1,0,1002,598,213,1002,598,213,0,0,0
秦时明月官方微博,1,40,339,1374,1,0,40,339,1374,40,339,1374,0,0,0
姚舜不二,1,6,133,592,1,0,6,133,592,6,133,592,0,0,0
霞光韵蔚然,1,84,68,379,1,0,84,68,379,84,68,379,0,0,0
科氪Krtech,1,73,169,311,1,0,73,169,311,73,169,311,0,0,0
容操燕,1,134,118,1739,1,0,134,118,1739,134,118,1739,0,0,0
陇南西和司法,1,512,43,745,1,0,512,43,745,512,43,745,0,0,0
爱卡汽车,1,28,11,55,1,0,28,11,55,28,11,55,0,0,0
不开心治愈所,1,165,86,844,1,0,165,86,844,165,86,844,0,0,0
熊猫守护者,1,1768,1481,4999,1,0,1768,1481,4999,1768,1481,4999,0,0,0
巴曙松,1,55,8,35,1,0,55,8,35,55,8,35,0,0,0
马伯庸,1,28,108,721,1,0,28,108,721,28,108,721,0,0,0
伊丽莎白骨精啊,1,197,403,954,1,0,197,403,954,197,403,954,0,0,0
于赓哲,1,51,10,47,1,0,51,10,47,51,10,47,0,0,0
梅婷,1,143,627,7654,0,1,143,627,7654,0,0,0,143,627,7654
小精豆子,1,18224,4177,4475,0,1,18224,4177,4475,0,0,0,18224,4177,4475
5ugarbaby,1,137,13,92,0,1,137,13,92,0,0,0,137,13,92
恩小恩和爱小爱,1,6,202,731,0,1,6,202,731,0,0,0,6,202,731
手机晶片达人,1,48,147,1246,1,0,48,147,1246,48,147,1246,0,0,0
科技智羽,1,44,525,2607,1,0,44,525,2607,44,525,2607,0,0,0
特别想盘撕家,1,11,91,255,0,1,11,91,255,0,0,0,11,91,255
私人音乐厅,1,272,252,615,1,0,272,252,615,272,252,615,0,0,0
当当读书汇,1,213,56,47,1,0,213,56,47,213,56,47,0,0,0
林梢微月,1,250,28,212,1,0,250,28,212,250,28,212,0,0,0
临沂大小事,1,193,895,4636,1,0,193,895,4636,193,895,4636,0,0,0
XP-何小鹏,1,342,423,1468,1,0,342,423,1468,342,423,1468,0,0,0
任泽平,1,74,514,2264,1,0,74,514,2264,74,514,2264,0,0,0
贾若蒙,1,1417,1548,4835,1,0,1417,1548,4835,1417,1548,4835,0,0,0
我的阿油,1,1541,12878,17138,1,0,1541,12878,17138,1541,12878,17138,0,0,0
小爪哇呀,1,203,110,499,1,0,203,110,499,203,110,499,0,0,0
最佳蹲坑读物,1,423,649,1195,1,0,423,649,1195,423,649,1195,0,0,0
写不出稿苏见祈,1,1289,421,4483,0,1,1289,421,4483,0,0,0,1289,421,4483
蒙小蒙Jenny,1,376,562,3887,1,0,376,562,3887,376,562,3887,0,0,0
Daniel吴涛,1,1004,401,387,1,0,1004,401,387,1004,401,387,0,0,0
唐梓豪boy,1,5312,3425,11373,1,0,5312,3425,11373,5312,3425,11373,0,0,0
罗天辰TK,1,1704,2860,5098,1,0,1704,2860,5098,1704,2860,5098,0,0,0
墨者柒柒,1,46,285,699,0,1,46,285,699,0,0,0,46,285,699
量子位,1,421,39,397,0,1,421,39,397,0,0,0,421,39,397
宇宙限量甜,1,222,43,1533,1,0,222,43,1533,222,43,1533,0,0,0
gjfelicia,1,203,129,696,0,1,203,129,696,0,0,0,203,129,696
刘春,1,43,290,850,1,0,43,290,850,43,290,850,0,0,0
Ms不落山,1,29,656,886,1,0,29,656,886,29,656,886,0,0,0
鸡毛蒜皮,1,282,166,1220,0,1,282,166,1220,0,0,0,282,166,1220
映暮帆迟_,1,14,115,286,1,0,14,115,286,14,115,286,0,0,0
马玉兰还在害人,1,72,1009,5924,0,1,72,1009,5924,0,0,0,72,1009,5924
LALA二世,1,1353,581,3572,1,0,1353,581,3572,1353,581,3572,0,0,0
酚酞_FOM,1,76,20,175,1,0,76,20,175,76,20,175,0,0,0
全是全景,1,104,367,374,1,0,104,367,374,104,367,374,0,0,0
小笼包要加很多醋,1,172,26,125,1,0,172,26,125,172,26,125,0,0,0
我朋友是个奇葩,1,196,411,988,0,1,196,411,988,0,0,0,196,411,988
胡图图ss,1,85,155,208,1,0,85,155,208,85,155,208,0,0,0
赵皓阳-Moonfans,1,27,112,472,0,1,27,112,472,0,0,0,27,112,472
天猫,1,3804,1425,1149,1,0,3804,1425,1149,3804,1425,1149,0,0,0
轩妈蛋黄酥,1,1028,1259,410,1,0,1028,1259,410,1028,1259,410,0,0,0
罗永浩,1,147,424,2480,0,1,147,424,2480,0,0,0,147,424,2480
电影大观察,1,27,18,264,1,0,27,18,264,27,18,264,0,0,0
凤凰王又又,1,141,59,218,1,0,141,59,218,141,59,218,0,0,0
是歪不是歪_,1,23,272,438,0,1,23,272,438,0,0,0,23,272,438
喜乐姑娘进化中,1,27,659,626,0,1,27,659,626,0,0,0,27,659,626
叫我Tina小姐姐,1,517,523,1834,1,0,517,523,1834,517,523,1834,0,0,0
UNINE官博,1,542,1202,26282,1,0,542,1202,26282,542,1202,26282,0,0,0
嗲烊,1,135,21,272,1,0,135,21,272,135,21,272,0,0,0
棚户区男孩,1,143,378,1784,1,0,143,378,1784,143,378,1784,0,0,0
我们直播,1,164,26,4295,1,0,164,26,4295,164,26,4295,0,0,0
投资伯乐,1,227,595,4639,0,1,227,595,4639,0,0,0,227,595,4639
德牧小公主的PaPa,1,7,610,2054,0,1,7,610,2054,0,0,0,7,610,2054
星座师渡舟,1,448,310,1688,1,0,448,310,1688,448,310,1688,0,0,0
微博借钱,1,70,75,893,1,0,70,75,893,70,75,893,0,0,0
蕨代霜蛟,1,194,163,259,0,1,194,163,259,0,0,0,194,163,259
谢怀良,1,196,610,5184,1,0,196,610,5184,196,610,5184,0,0,0
薛赫赫赫赫,1,975,1469,11253,1,0,975,1469,11253,975,1469,11253,0,0,0
饭团小夫妻,1,29,557,1148,0,1,29,557,1148,0,0,0,29,557,1148
iBingo,1,63,72,2703,1,0,63,72,2703,63,72,2703,0,0,0
微澜Mag,1,360,796,2926,1,0,360,796,2926,360,796,2926,0,0,0
闷儿闷儿blog,1,150,58,194,1,0,150,58,194,150,58,194,0,0,0
毒舌扒婆,1,1231,1534,2286,1,0,1231,1534,2286,1231,1534,2286,0,0,0
手机中国联盟官博,1,246,1585,11967,1,0,246,1585,11967,246,1585,11967,0,0,0
管理界刘春华,1,206,216,256,0,1,206,216,256,0,0,0,206,216,256
帅soserious,1,1618,1860,2724,1,0,1618,1860,2724,1618,1860,2724,0,0,0
Ruiren蕤人,1,158,367,2156,1,0,158,367,2156,158,367,2156,0,0,0
食之契约,1,36,196,372,1,0,36,196,372,36,196,372,0,0,0
神店通缉令,1,612,564,1524,1,0,612,564,1524,612,564,1524,0,0,0
小E搞机,1,64,646,966,1,0,64,646,966,64,646,966,0,0,0
油菜Hui,1,92,1318,5943,0,1,92,1318,5943,0,0,0,92,1318,5943
一串烤全羊,1,35,7689,1664,1,0,35,7689,1664,35,7689,1664,0,0,0
大概是井越,1,5650,4023,12515,1,0,5650,4023,12515,5650,4023,12515,0,0,0
昔言求是,1,887,647,3972,1,0,887,647,3972,887,647,3972,0,0,0
名侦探拳头,1,1020,581,1251,1,0,1020,581,1251,1020,581,1251,0,0,0
PP视频,1,1658,226,991,1,0,1658,226,991,1658,226,991,0,0,0
红书,1,33,382,499,0,1,33,382,499,0,0,0,33,382,499
十井源子,1,1889,10245,5972,1,0,1889,10245,5972,1889,10245,5972,0,0,0
影视扒皮,1,1340,1686,3657,1,0,1340,1686,3657,1340,1686,3657,0,0,0
金九粒,1,9,209,1416,1,0,9,209,1416,9,209,1416,0,0,0
衍生品,1,118,244,2746,0,1,118,244,2746,0,0,0,118,244,2746
易家小甜甜,1,139,33,1000,0,1,139,33,1000,0,0,0,139,33,1000
雷火电竞,1,742,869,377,1,0,742,869,377,742,869,377,0,0,0
吴阳,1,193,777,4269,0,1,193,777,4269,0,0,0,193,777,4269
深度影视圈,1,1120,1469,2198,1,0,1120,1469,2198,1120,1469,2198,0,0,0
长靖是吾之路,1,279,408,711,1,0,279,408,711,279,408,711,0,0,0
周子琳Zilin,1,40,213,938,1,0,40,213,938,40,213,938,0,0,0
落日海盗,1,162,21,252,0,1,162,21,252,0,0,0,162,21,252
桃之姚姚yc,1,10,207,457,1,0,10,207,457,10,207,457,0,0,0
天猫发言人,1,594,642,17195,1,0,594,642,17195,594,642,17195,0,0,0
数码飞越,1,6,65,4460,1,0,6,65,4460,6,65,4460,0,0,0
种草安利鹅,1,495,806,1208,1,0,495,806,1208,495,806,1208,0,0,0
Hermann中国零售微博,1,34,12,39,1,0,34,12,39,34,12,39,0,0,0
六六和戚戚,1,327,338,1201,1,0,327,338,1201,327,338,1201,0,0,0
若鱼连线,1,127,281,1387,1,0,127,281,1387,127,281,1387,0,0,0
笙畅,1,121,169,1041,0,1,121,169,1041,0,0,0,121,169,1041
通信监理,1,9,279,843,0,1,9,279,843,0,0,0,9,279,843
逍遥图腾,1,52,593,1757,1,0,52,593,1757,52,593,1757,0,0,0
剧探王,1,545,607,1119,1,0,545,607,1119,545,607,1119,0,0,0
王少女YOKI,1,8,148,661,1,0,8,148,661,8,148,661,0,0,0
伊莲137,1,156,385,1077,1,0,156,385,1077,156,385,1077,0,0,0
叫我小仙女女女,1,11,102,318,1,0,11,102,318,11,102,318,0,0,0
娱乐名探,1,1331,1678,2744,1,0,1331,1678,2744,1331,1678,2744,0,0,0
Emma是朵可爱花,1,58,153,370,1,0,58,153,370,58,153,370,0,0,0
David叶音_WiiiiK,1,153,185,1075,1,0,153,185,1075,153,185,1075,0,0,0
亮亮999,1,221,231,348,1,0,221,231,348,221,231,348,0,0,0
科技的那些事,1,47,190,1057,0,1,47,190,1057,0,0,0,47,190,1057
浙江大学,1,15,17,294,1,0,15,17,294,15,17,294,0,0,0
不是毒奶色我是专业解说黄旭东,1,39,202,2695,0,1,39,202,2695,0,0,0,39,202,2695
太皇太后您有喜啦,1,235,316,739,1,0,235,316,739,235,316,739,0,0,0
斯坦福桥科技Frank大叔,1,150,95,150,1,0,150,95,150,150,95,150,0,0,0
弥秋君,1,126,599,4318,1,0,126,599,4318,126,599,4318,0,0,0
雾都九九,1,1028,2537,485,1,0,1028,2537,485,1028,2537,485,0,0,0
百姓视野,1,1532,196,1874,1,0,1532,196,1874,1532,196,1874,0,0,0
苑子豪,1,2177,4426,16072,1,0,2177,4426,16072,2177,4426,16072,0,0,0
畔鸣,1,152,151,809,1,0,152,151,809,152,151,809,0,0,0
北京人捍卫北京城,1,28,111,3457,1,0,28,111,3457,28,111,3457,0,0,0
遇见逆水寒,1,50,217,1032,1,0,50,217,1032,50,217,1032,0,0,0
污力小笙,1,192,14,173,1,0,192,14,173,192,14,173,0,0,0
安暖玺乐,1,175,59,991,1,0,175,59,991,175,59,991,0,0,0
影视剧未央,1,59,229,405,0,1,59,229,405,0,0,0,59,229,405
追星阿姨李纳尼,1,692,532,2645,1,0,692,532,2645,692,532,2645,0,0,0
沸娱,1,405,370,1754,1,0,405,370,1754,405,370,1754,0,0,0
周国平,1,486,17,183,1,0,486,17,183,486,17,183,0,0,0
机锋网,1,20,68,9051,1,0,20,68,9051,20,68,9051,0,0,0
对象,1,872,1536,2644,0,1,872,1536,2644,0,0,0,872,1536,2644
明月36570626,1,29,395,245,1,0,29,395,245,29,395,245,0,0,0
最拉风的视频,1,262,31,257,1,0,262,31,257,262,31,257,0,0,0
汐音社,1,239,257,783,1,0,239,257,783,239,257,783,0,0,0
军哥来宠你,1,14,33,2870,0,1,14,33,2870,0,0,0,14,33,2870
娱乐噼啪点,1,356,15,328,1,0,356,15,328,356,15,328,0,0,0
Embosom1128,1,1155,204,1999,0,1,1155,204,1999,0,0,0,1155,204,1999
网红物语,1,800,1756,67368,0,1,800,1756,67368,0,0,0,800,1756,67368
娱乐追击令,1,300,326,19401,0,1,300,326,19401,0,0,0,300,326,19401
格隆,1,262,13,256,0,1,262,13,256,0,0,0,262,13,256
易个猫,1,386,256,1983,0,1,386,256,1983,0,0,0,386,256,1983
中国历史研究院,1,89,100,907,1,0,89,100,907,89,100,907,0,0,0
与壐,1,288,54,359,1,0,288,54,359,288,54,359,0,0,0
Flouxetine-,1,53,59,405,0,1,53,59,405,0,0,0,53,59,405
饭圈安利鹅,1,449,483,740,1,0,449,483,740,449,483,740,0,0,0
饭圈壹姐,1,1340,1305,1853,1,0,1340,1305,1853,1340,1305,1853,0,0,0
滕雨佳Amiu,1,27,746,1059,1,0,27,746,1059,27,746,1059,0,0,0
易少爷助攻部队,1,202,67,367,1,0,202,67,367,202,67,367,0,0,0
ECHO骑着小毛驴去拉萨,1,82,16,361,1,0,82,16,361,82,16,361,0,0,0
经理人杂志,1,48,431,1654,0,1,48,431,1654,0,0,0,48,431,1654
零筹码在线玩家,1,382,98,1611,1,0,382,98,1611,382,98,1611,0,0,0
茶学研究员,1,76,42,337,1,0,76,42,337,76,42,337,0,0,0
八卦壹姐,1,1331,1216,1519,1,0,1331,1216,1519,1331,1216,1519,0,0,0
网乐欢笑,1,73,74,359,0,1,73,74,359,0,0,0,73,74,359
八组天真妹,1,682,748,2020,1,0,682,748,2020,682,748,2020,0,0,0
李方妮,1,16,160,315,1,0,16,160,315,16,160,315,0,0,0
overwater,1,1468,1709,1782,1,0,1468,1709,1782,1468,1709,1782,0,0,0
圈学长,1,1111,1224,2134,1,0,1111,1224,2134,1111,1224,2134,0,0,0
新京报经济新闻,1,122,3282,10572,1,0,122,3282,10572,122,3282,10572,0,0,0
影视热评,1,1574,1227,2781,1,0,1574,1227,2781,1574,1227,2781,0,0,0
搞机大师兄,1,144,1427,4277,1,0,144,1427,4277,144,1427,4277,0,0,0
旻空_,1,14,59,189,1,0,14,59,189,14,59,189,0,0,0
影视热搜令,1,337,162,636,1,0,337,162,636,337,162,636,0,0,0
环球黑卡,1,4969,351,133,1,0,4969,351,133,4969,351,133,0,0,0
黑科技大咖说,1,95,120,418,1,0,95,120,418,95,120,418,0,0,0
爱生活的马克君,1,10782,4199,3468,0,1,10782,4199,3468,0,0,0,10782,4199,3468
今日俄罗斯RT,1,136,120,940,1,0,136,120,940,136,120,940,0,0,0
在夜空中的月亮,1,5,393,1803,1,0,5,393,1803,5,393,1803,0,0,0
IM无敌小豌豆,1,484,1429,4357,1,0,484,1429,4357,484,1429,4357,0,0,0
柯瑞子乒乓,1,23,5,100,1,0,23,5,100,23,5,100,0,0,0
抵山河万色·,1,71,393,42,1,0,71,393,42,71,393,42,0,0,0
春天的两只虫·,1,91,208,41,0,1,91,208,41,0,0,0,91,208,41
凰家评测,1,50,179,414,1,0,50,179,414,50,179,414,0,0,0
布朗熊丢了_,1,54,239,25,1,0,54,239,25,54,239,25,0,0,0
i冰宇宙,1,62,137,915,0,1,62,137,915,0,0,0,62,137,915
尼脑子瓦特啦,1,2287,2890,6226,1,0,2287,2890,6226,2287,2890,6226,0,0,0
易烊千玺de小红鞋,1,5990,1262,10075,0,1,5990,1262,10075,0,0,0,5990,1262,10075
金利来男装Goldlion,1,5228,5093,3372,1,0,5228,5093,3372,5228,5093,3372,0,0,0
上海欢乐谷,1,4998,3506,1675,1,0,4998,3506,1675,4998,3506,1675,0,0,0
_Hanser_,1,88,303,4286,0,1,88,303,4286,0,0,0,88,303,4286
德意电器,1,5300,5302,2906,1,0,5300,5302,2906,5300,5302,2906,0,0,0
飞鹤,1,4371,4464,2196,1,0,4371,4464,2196,4371,4464,2196,0,0,0
唱吧,1,3414,2536,2177,1,0,3414,2536,2177,3414,2536,2177,0,0,0
微博股票组合,1,1571,1766,9079,0,1,1571,1766,9079,0,0,0,1571,1766,9079
雷军,1,118,742,4050,1,0,118,742,4050,118,742,4050,0,0,0
Shmily琳_,1,172,167,139,0,1,172,167,139,0,0,0,172,167,139
许亿秒,1,308,453,1683,0,1,308,453,1683,0,0,0,308,453,1683
辽宁中公教育,1,58,0,58,1,0,58,0,58,58,0,58,0,0,0
王一梗,1,6,61,727,0,1,6,61,727,0,0,0,6,61,727
汪大王,1,759,135,986,1,0,759,135,986,759,135,986,0,0,0
搞机的风采,1,161,790,4036,0,1,161,790,4036,0,0,0,161,790,4036
方再言,1,102,471,1093,0,1,102,471,1093,0,0,0,102,471,1093
菊厂北非曾梦,1,228,275,1758,0,1,228,275,1758,0,0,0,228,275,1758
搭上ACE的顺风车k,1,463,95,411,0,1,463,95,411,0,0,0,463,95,411
UnicornLay_张艺兴打榜基地,1,241,316,576,1,0,241,316,576,241,316,576,0,0,0
哆啦逐梦,1,4901,490,4878,0,1,4901,490,4878,0,0,0,4901,490,4878
互联网的一些事,1,102,259,903,0,1,102,259,903,0,0,0,102,259,903
小编的那点事,1,397,2253,15593,0,1,397,2253,15593,0,0,0,397,2253,15593
吴声威wsw,1,237,446,2705,0,1,237,446,2705,0,0,0,237,446,2705
爷最烦装逼的人,1,583,294,783,0,1,583,294,783,0,0,0,583,294,783
兔撕机,1,37,552,3077,0,1,37,552,3077,0,0,0,37,552,3077
罗昌平,1,217,159,977,0,1,217,159,977,0,0,0,217,159,977
唐胖虎,1,21,34,1432,0,1,21,34,1432,0,0,0,21,34,1432
NiceSprite,1,155,124,1409,1,0,155,124,1409,155,124,1409,0,0,0
啃骨头的辣条,1,375,119,180,1,0,375,119,180,375,119,180,0,0,0
律师一姐,1,67,134,818,0,1,67,134,818,0,0,0,67,134,818
意本谢连喜律师,1,1249,2631,8083,0,1,1249,2631,8083,0,0,0,1249,2631,8083
你是有多性感,1,3501,434,3644,1,0,3501,434,3644,3501,434,3644,0,0,0
休城社会闲散人士,1,3380,242,9278,0,1,3380,242,9278,0,0,0,3380,242,9278
兽爷,1,2076,669,8412,1,0,2076,669,8412,2076,669,8412,0,0,0
张铭恩_,1,20830,11360,49677,1,0,20830,11360,49677,20830,11360,49677,0,0,0
Mr小易老板,1,2701,493,3104,1,0,2701,493,3104,2701,493,3104,0,0,0
韩志国,1,504,997,5512,0,1,504,997,5512,0,0,0,504,997,5512
火羊宝的冰淇淋,1,2737,542,2797,1,0,2737,542,2797,2737,542,2797,0,0,0
Xjj_无争,1,155,176,1760,0,1,155,176,1760,0,0,0,155,176,1760
LIMERENCE1128·迷恋,1,11710,2081,10716,1,0,11710,2081,10716,11710,2081,10716,0,0,0
BeWithJackson_易烊千玺陪伴站,1,6374,1352,9552,1,0,6374,1352,9552,6374,1352,9552,0,0,0
龙二Pro,1,4332,846,6156,1,0,4332,846,6156,4332,846,6156,0,0,0
搜狐时尚,1,2359,364,1179,1,0,2359,364,1179,2359,364,1179,0,0,0
易家星火_易烊千玺,1,3225,441,3856,1,0,3225,441,3856,3225,441,3856,0,0,0
Cynosure_易烊千玺图频站,1,3395,530,3238,1,0,3395,530,3238,3395,530,3238,0,0,0
EndlessLove_易烊千玺个站,1,560,51,440,1,0,560,51,440,560,51,440,0,0,0
LIMAR1128,1,3103,461,3583,1,0,3103,461,3583,3103,461,3583,0,0,0
少年意气_4444x,1,4331,847,5845,1,0,4331,847,5845,4331,847,5845,0,0,0
华农兄弟,1,366,1491,16935,1,0,366,1491,16935,366,1491,16935,0,0,0
中央人民广播电台,1,23,119,5360,0,1,23,119,5360,0,0,0,23,119,5360
芋圆吃饱没,1,3924,710,22102,0,1,3924,710,22102,0,0,0,3924,710,22102
香港小兔兔,1,23,1311,7599,0,1,23,1311,7599,0,0,0,23,1311,7599
潘明先生,1,148,903,6312,1,0,148,903,6312,148,903,6312,0,0,0
俊晖JAN,1,370,542,2668,1,0,370,542,2668,370,542,2668,0,0,0
胖子陈越,1,478,225,1964,0,1,478,225,1964,0,0,0,478,225,1964
蒲儿姓蒲,1,19,1081,1707,1,0,19,1081,1707,19,1081,1707,0,0,0
步军统领,1,459,24,343,1,0,459,24,343,459,24,343,0,0,0
_易醉_,1,176,218,1029,1,0,176,218,1029,176,218,1029,0,0,0
cy-青豆,1,31,8,197,0,1,31,8,197,0,0,0,31,8,197
禁止曝光,1,175,246,490,0,1,175,246,490,0,0,0,175,246,490
菇娘映像,1,8,6,200,0,1,8,6,200,0,0,0,8,6,200
笑翻车了,1,170,257,2105,1,0,170,257,2105,170,257,2105,0,0,0
陳明憙jocelyn,1,510,525,1684,1,0,510,525,1684,510,525,1684,0,0,0
Claire小爱,1,3369,5611,8801,1,0,3369,5611,8801,3369,5611,8801,0,0,0
中国人民大学,1,20,26,255,1,0,20,26,255,20,26,255,0,0,0
Ver宸宸,1,8,23,457,1,0,8,23,457,8,23,457,0,0,0
王北车工作室,1,31,155,233,1,0,31,155,233,31,155,233,0,0,0
仙娱,1,620,107,2054,1,0,620,107,2054,620,107,2054,0,0,0
拔草小公举,1,190,374,1086,1,0,190,374,1086,190,374,1086,0,0,0
笑尿蜀黍了,1,68,683,2838,0,1,68,683,2838,0,0,0,68,683,2838
绵羊料理,1,177,724,1620,1,0,177,724,1620,177,724,1620,0,0,0
易烊千玺后援会官博,1,88,88,745,1,0,88,88,745,88,88,745,0,0,0
苏子起解,1,2048,1540,4807,1,0,2048,1540,4807,2048,1540,4807,0,0,0
全球时尚视线,1,461,455,2806,1,0,461,455,2806,461,455,2806,0,0,0
浅浅百川,1,741,90,815,1,0,741,90,815,741,90,815,0,0,0
星娱酱,1,1161,1028,2838,1,0,1161,1028,2838,1161,1028,2838,0,0,0
扒皮匠,1,1285,1142,4168,1,0,1285,1142,4168,1285,1142,4168,0,0,0
Alex绝对是个妞儿,1,487,680,1011,1,0,487,680,1011,487,680,1011,0,0,0
师义龙dragon,1,171,293,2725,1,0,171,293,2725,171,293,2725,0,0,0
老撕鸡,1,345,420,608,0,1,345,420,608,0,0,0,345,420,608
智族GQ,1,1853,1583,1778,1,0,1853,1583,1778,1853,1583,1778,0,0,0
房琪kiki,1,379,414,1725,1,0,379,414,1725,379,414,1725,0,0,0
LOST7_,1,882,448,680,0,1,882,448,680,0,0,0,882,448,680
刘喵喵酱,1,154,984,5963,1,0,154,984,5963,154,984,5963,0,0,0
鹿角千,1,312,163,1957,0,1,312,163,1957,0,0,0,312,163,1957
杨紫网宣投票站,1,237,2101,4845,1,0,237,2101,4845,237,2101,4845,0,0,0
麻子团购,1,13,172,533,0,1,13,172,533,0,0,0,13,172,533
深夜有星,1,132,53,98,1,0,132,53,98,132,53,98,0,0,0
梁征-影像-生活,1,174,161,494,1,0,174,161,494,174,161,494,0,0,0
疫苗与科学,1,109,298,1805,1,0,109,298,1805,109,298,1805,0,0,0
洋葱时尚志,1,43,280,1749,1,0,43,280,1749,43,280,1749,0,0,0
摄影师-happy惚惚,1,92,130,326,1,0,92,130,326,92,130,326,0,0,0
陈康纳_,1,1490,3525,5574,1,0,1490,3525,5574,1490,3525,5574,0,0,0
卢伟冰,1,1172,3522,24728,1,0,1172,3522,24728,1172,3522,24728,0,0,0
搞机小罗,1,415,2657,7151,1,0,415,2657,7151,415,2657,7151,0,0,0
格兰芬多公共休息室,1,19,57,287,1,0,19,57,287,19,57,287,0,0,0
高靓Tina,1,1614,1299,2410,1,0,1614,1299,2410,1614,1299,2410,0,0,0
初晓敏,1,17,399,746,0,1,17,399,746,0,0,0,17,399,746
桃桃淘电影,1,714,221,272,1,0,714,221,272,714,221,272,0,0,0
央证公开课,1,12,14,51,1,0,12,14,51,12,14,51,0,0,0
DR段锐,1,63,196,1615,1,0,63,196,1615,63,196,1615,0,0,0
JumboTsui,1,241,9,57,1,0,241,9,57,241,9,57,0,0,0
我是二十本尊,1,84,112,277,1,0,84,112,277,84,112,277,0,0,0
AllForJay周杰伦个站,1,188,106,684,1,0,188,106,684,188,106,684,0,0,0
易烊千玺河南粉丝团,1,193,118,357,1,0,193,118,357,193,118,357,0,0,0
我的火锅还是自己chi吧,1,4065,439,182,1,0,4065,439,182,4065,439,182,0,0,0
追剧少女韩芳芳,1,1091,751,1963,1,0,1091,751,1963,1091,751,1963,0,0,0
娱乐扒皮,1,424,907,2527,1,0,424,907,2527,424,907,2527,0,0,0
武隆旅游,1,646,421,755,1,0,646,421,755,646,421,755,0,0,0
世面,1,204,95,150,1,0,204,95,150,204,95,150,0,0,0
扒婆爱吐槽,1,135,115,1516,1,0,135,115,1516,135,115,1516,0,0,0
易烫YCC,1,1760,1187,4331,1,0,1760,1187,4331,1760,1187,4331,0,0,0
钱小佳威武霸气帅,1,43,282,1066,1,0,43,282,1066,43,282,1066,0,0,0
阅读手册,1,129,28,291,1,0,129,28,291,129,28,291,0,0,0
易年代记,1,69,16,160,1,0,69,16,160,69,16,160,0,0,0
爆料社长,1,19,25,3020,0,1,19,25,3020,0,0,0,19,25,3020
热播君,1,1204,749,1996,1,0,1204,749,1996,1204,749,1996,0,0,0
天空菌,1,21,83,6990,0,1,21,83,6990,0,0,0,21,83,6990
让笑声飞,1,78,403,2669,0,1,78,403,2669,0,0,0,78,403,2669
张译文Yeokmoon,1,2319,3585,6198,1,0,2319,3585,6198,2319,3585,6198,0,0,0
_叫我小宝贝儿,1,18,24,340,1,0,18,24,340,18,24,340,0,0,0
112页,1,40,1769,1614,1,0,40,1769,1614,40,1769,1614,0,0,0
林初寒,1,3343,2236,10315,1,0,3343,2236,10315,3343,2236,10315,0,0,0
职场大讲坛,1,106,0,84,1,0,106,0,84,106,0,84,0,0,0
娱情前线,1,284,154,767,1,0,284,154,767,284,154,767,0,0,0
全景一哥,1,93,262,2393,1,0,93,262,2393,93,262,2393,0,0,0
八倍镜追剧女孩,1,235,314,4947,0,1,235,314,4947,0,0,0,235,314,4947
黄星星fanfan,1,2418,3465,7584,1,0,2418,3465,7584,2418,3465,7584,0,0,0
欧派家居集团,1,10241,1273,430,0,1,10241,1273,430,0,0,0,10241,1273,430
兔牙Yolanda,1,123,134,1337,1,0,123,134,1337,123,134,1337,0,0,0
HenrySwift,1,10,26,232,1,0,10,26,232,10,26,232,0,0,0
闻娱教父,1,226,331,1952,1,0,226,331,1952,226,331,1952,0,0,0
海右书香,1,37,167,114,1,0,37,167,114,37,167,114,0,0,0
山口团子,1,44,54,59,1,0,44,54,59,44,54,59,0,0,0
黄掌柜007,1,32,37,308,0,1,32,37,308,0,0,0,32,37,308
時一二,1,546,106,610,1,0,546,106,610,546,106,610,0,0,0
叶青Julia,1,3542,2512,13109,1,0,3542,2512,13109,3542,2512,13109,0,0,0
魏天浩,1,18472,15319,22612,1,0,18472,15319,22612,18472,15319,22612,0,0,0
唐艺然Emma,1,2330,2690,2530,1,0,2330,2690,2530,2330,2690,2530,0,0,0
我的名字叫木鱼,1,327,814,2332,1,0,327,814,2332,327,814,2332,0,0,0
夏小鲟,1,8,11,185,1,0,8,11,185,8,11,185,0,0,0
王奔宏,1,135,183,457,1,0,135,183,457,135,183,457,0,0,0
苯科技,1,72,123,347,1,0,72,123,347,72,123,347,0,0,0
新青年科技-Jack,1,23,189,1045,0,1,23,189,1045,0,0,0,23,189,1045
科技轻体验,1,16348,1525,1038,1,0,16348,1525,1038,16348,1525,1038,0,0,0
一辆,1,285,971,4586,1,0,285,971,4586,285,971,4586,0,0,0
啊爹Aaron,1,455,1300,6356,1,0,455,1300,6356,455,1300,6356,0,0,0
七百里加急递煎饼,1,60,189,1439,1,0,60,189,1439,60,189,1439,0,0,0
MOK莫轻浮,1,2635,4051,9962,1,0,2635,4051,9962,2635,4051,9962,0,0,0
前沿科技速报,1,602,651,1751,1,0,602,651,1751,602,651,1751,0,0,0
吕颖lvy,1,1135,1066,2430,1,0,1135,1066,2430,1135,1066,2430,0,0,0
李彬赫,1,21,228,765,1,0,21,228,765,21,228,765,0,0,0
梁一口echo,1,71,588,5875,1,0,71,588,5875,71,588,5875,0,0,0
杨宇昊Drummer,1,131,131,1115,1,0,131,131,1115,131,131,1115,0,0,0
热点集,1,610,113,670,1,0,610,113,670,610,113,670,0,0,0
任袁泰山,1,137,85,1122,1,0,137,85,1122,137,85,1122,0,0,0
_火火Lee_,1,95,49,587,1,0,95,49,587,95,49,587,0,0,0
刘小懒,1,853,1082,1994,1,0,853,1082,1994,853,1082,1994,0,0,0
大培cp,1,1402,4358,6509,1,0,1402,4358,6509,1402,4358,6509,0,0,0
MIFFY李米肥,1,288,513,1431,1,0,288,513,1431,288,513,1431,0,0,0
7维视角,1,432,490,1439,1,0,432,490,1439,432,490,1439,0,0,0
左小翎,1,8,73,398,1,0,8,73,398,8,73,398,0,0,0
AI大数据时代,1,364,411,808,1,0,364,411,808,364,411,808,0,0,0
搞笑趣事汇,1,2495,3203,5923,1,0,2495,3203,5923,2495,3203,5923,0,0,0
咸贵人,1,107,387,375,1,0,107,387,375,107,387,375,0,0,0
肯德基,1,433,347,3006,1,0,433,347,3006,433,347,3006,0,0,0
种草达人绵绵酱,1,274,284,525,1,0,274,284,525,274,284,525,0,0,0
天中捕快,1,172,76,445,0,1,172,76,445,0,0,0,172,76,445
OK张有救,1,715,2133,8101,1,0,715,2133,8101,715,2133,8101,0,0,0
青岛方特梦幻王国,1,293,326,98,1,0,293,326,98,293,326,98,0,0,0
刘梓萌嗎,1,1857,1530,2471,1,0,1857,1530,2471,1857,1530,2471,0,0,0
一人茶餐廳,1,7,193,2155,1,0,7,193,2155,7,193,2155,0,0,0
张慧贤angel,1,71,386,3765,1,0,71,386,3765,71,386,3765,0,0,0
一扣酥,1,24,1349,2258,1,0,24,1349,2258,24,1349,2258,0,0,0
小葡萄melody,1,7791,8553,12542,1,0,7791,8553,12542,7791,8553,12542,0,0,0
摄影约拍_,1,228,244,603,1,0,228,244,603,228,244,603,0,0,0
鹅组情报员,1,1044,448,2211,1,0,1044,448,2211,1044,448,2211,0,0,0
it科技站,1,158,669,3441,1,0,158,669,3441,158,669,3441,0,0,0
魏好涵,1,16,3967,825,1,0,16,3967,825,16,3967,825,0,0,0
中影小水,1,183,154,983,0,1,183,154,983,0,0,0,183,154,983
sosay是大妮,1,544,990,5391,1,0,544,990,5391,544,990,5391,0,0,0
申开朗_SKY,1,93,654,3639,0,1,93,654,3639,0,0,0,93,654,3639
买买提X,1,215,25,656,1,0,215,25,656,215,25,656,0,0,0
原羚计划,1,115,44,144,1,0,115,44,144,115,44,144,0,0,0
留几手,1,440,381,935,1,0,440,381,935,440,381,935,0,0,0
卧蚕阿姨,1,231,2978,11583,1,0,231,2978,11583,231,2978,11583,0,0,0
LostINMOtown,1,72,9,56,1,0,72,9,56,72,9,56,0,0,0
趣评测,1,381,132,191,1,0,381,132,191,381,132,191,0,0,0
圈内扒婆,1,899,631,1567,1,0,899,631,1567,899,631,1567,0,0,0
IT抢先报,1,79,280,743,1,0,79,280,743,79,280,743,0,0,0
游戏外设狂,1,322,330,424,1,0,322,330,424,322,330,424,0,0,0
四近裙下之臣,1,796,173,874,1,0,796,173,874,796,173,874,0,0,0
洛梅笙,1,612,77,1659,1,0,612,77,1659,612,77,1659,0,0,0
互联网的那些破事,1,20,327,1555,0,1,20,327,1555,0,0,0,20,327,1555
都市音酱,1,224,317,444,1,0,224,317,444,224,317,444,0,0,0
跳跳兲虎,1,223,36,1061,0,1,223,36,1061,0,0,0,223,36,1061
生物叫兽,1,325,475,678,1,0,325,475,678,325,475,678,0,0,0
互联网全资讯,1,2717,3181,7015,1,0,2717,3181,7015,2717,3181,7015,0,0,0
新西兰凯库拉观鲸,1,137,125,113,1,0,137,125,113,137,125,113,0,0,0
睡兔初空,1,13,97,390,0,1,13,97,390,0,0,0,13,97,390
科技圈大佬,1,2216,2349,5594,1,0,2216,2349,5594,2216,2349,5594,0,0,0
狂阿弥_,1,20,52,362,1,0,20,52,362,20,52,362,0,0,0
TonyStark的小可爱,1,21,33,126,1,0,21,33,126,21,33,126,0,0,0
他是泽叔,1,186,699,211,1,0,186,699,211,186,699,211,0,0,0
曲玮玮,1,54,80,1093,1,0,54,80,1093,54,80,1093,0,0,0
喜脉洗脉,1,661,802,1222,1,0,661,802,1222,661,802,1222,0,0,0
迟池Chichi,1,1038,4715,8503,1,0,1038,4715,8503,1038,4715,8503,0,0,0
挑食少女熊小可,1,61,174,285,1,0,61,174,285,61,174,285,0,0,0
山药视频,1,512,459,1013,1,0,512,459,1013,512,459,1013,0,0,0
搞机大佬,1,36,26,3790,0,1,36,26,3790,0,0,0,36,26,3790
美食味道菌,1,124,139,361,1,0,124,139,361,124,139,361,0,0,0
旅游攻略君,1,693,830,3712,1,0,693,830,3712,693,830,3712,0,0,0
Panta点打不出来Q,1,27,111,1418,1,0,27,111,1418,27,111,1418,0,0,0
王小猴儿_,1,835,794,2571,1,0,835,794,2571,835,794,2571,0,0,0
微博牧场计划,1,1038,308,416,1,0,1038,308,416,1038,308,416,0,0,0
吾皇的白茶,1,64,329,3586,1,0,64,329,3586,64,329,3586,0,0,0
王才祥wcx,1,23,45,9647,0,1,23,45,9647,0,0,0,23,45,9647
野居青年,1,212,290,812,1,0,212,290,812,212,290,812,0,0,0
大胃妖精cici,1,418,543,1385,1,0,418,543,1385,418,543,1385,0,0,0
杀马特强子,1,88,100,218,1,0,88,100,218,88,100,218,0,0,0
芥眜,1,10,146,241,0,1,10,146,241,0,0,0,10,146,241
